 params: T_x=   14519246.036609687      phi=  -1916267962165449.0      m_x=   1.7800000000000001E-023 kB=   1.3806485200000000E-016 m_nuc=   1.6699999981216093E-024 sigma_nuc=   1.0000000000000001E-037
 --------Etrans---------
           1   139.30951671777424     
           2   139.20439554201997     
           3   138.90362365576871     
           4   138.52179444207744     
           5   137.91753993544222     
           6   136.96308211598912     
           7   135.45988239787701     
           8   133.10343378424605     
           9   129.43652032726342     
          10   124.94718139028355     
          11   120.78990021621971     
          12   115.06665993204955     
          13   105.83245828685412     
          14   91.905707884093374     
          15   77.516824030255449     
          16   69.423098323202197     
          17   54.830845271929945     
          18   43.541897635673571     
          19   31.652561686402237     
          20   19.335860199576477     
          21   9.3093833208946020     
          22  -3.3716475601261608     
          23  -11.192935469044063     
          24  -10.671874499854642     
          25  -6.9642931450651719     
          26  -2.9158956915032621     
          27  -8.9385977819840465E-002
          28  0.94466800124730743     
          29   1.1014176468601624     
          30  0.98077220432980461     
          31  0.69291922639553161     
          32  0.54248584303385228     
          33  0.45114126432372570     
          34  0.28512662381195436     
          35  0.19237064221694725     
          36  0.13855062160805179     
          37  0.10230261331257653     
          38   8.1711108980237507E-002
          39   5.9034432317265219E-002
          40   4.2934373514579703E-002
          41   3.1156863155921283E-002
          42   2.2574638748538132E-002
          43   1.6338141117322440E-002
          44   1.2890450627893568E-002
          45   1.1024949484343046E-002
          46   7.8748194154834392E-003
          47   6.2077868014371162E-003
          48   4.8647543362345478E-003
          49   3.8134657997514845E-003
          50   2.7445993711673923E-003
          51   1.9862675782884218E-003
          52   1.4386512762291121E-003
          53   1.0427376386860025E-003
          54   7.5649453058500001E-004
          55   5.4940044723213448E-004
          56   3.9944604281815481E-004
          57   2.9076736547032999E-004
          58   2.1192154756272864E-004
          59   1.8212946465561721E-004
          60   1.3218734569813052E-004
          61   9.6665525222441572E-005
          62   7.0788501584507707E-005
          63   5.1913419858551479E-005
          64   4.4707500457125072E-005
          65   3.2692921505597223E-005
          66   2.4064741932966092E-005
          67   1.7740681004827867E-005
          68   1.3098696076076653E-005
          69   9.6863830413415312E-006
          70   7.1742440705593016E-006
          71   5.3220057735880218E-006
          72   3.9542461671498059E-006
          73   2.9426907051021194E-006
          74   2.1934060154245735E-006
          75   1.6375300129252162E-006
          76   1.2244931462103543E-006
          77   9.1710715857934745E-007
          78   6.8798572168012468E-007
          79   5.1693346165777436E-007
          80   3.8903066850251169E-007
          81   2.9324140171986619E-007
          82   2.2138954233739147E-007
          83   1.6740832646186981E-007
          84   1.4602210181601069E-007
          85   1.1040593084427882E-007
          86   9.6421200592311119E-008
          87   7.3083135726730558E-008
          88   5.5611043712699475E-008
          89   4.2373619678522374E-008
          90   3.2343003615025565E-008
          91   2.4724545082099584E-008
          92   2.1676891185821613E-008
          93   1.6572506525466905E-008
          94   1.2716906559800479E-008
          95   9.7729151241382208E-009
          96   7.5216496591834082E-009
          97   5.7975459389607288E-009
          98   4.4752052748393640E-009
          99   3.4595149909466564E-009
         100   3.0488424050122049E-009
         101   2.3582487568622819E-009
         102   1.8296026147953887E-009
         103   1.5155605444608324E-009
         104   1.2542505293996858E-009
         105   9.7583975073016839E-010
         106   8.6269690685207165E-010
         107   6.7216193997601325E-010
         108   5.2515754477584966E-010
         109   4.1096040023531352E-010
         110   3.2196360998981864E-010
         111   2.6861870569047678E-010
         112   2.2391513214068077E-010
         113   1.8700595309780841E-010
         114   1.5613665196919153E-010
         115   1.2291391175608561E-010
         116   9.6943200663452026E-011
         117   8.6249396130925255E-011
         118   7.6641706404966660E-011
         119   6.0542540989930606E-011
         120   5.3931688954643303E-011
         121   4.7986285879415073E-011
         122   4.0318638762671787E-011
         123   3.3881891498889607E-011
         124   2.6900903085495844E-011
         125   2.1395693544368605E-011
         126   1.9112335748764627E-011
         127   1.7054081131012167E-011
         128   1.4387782416230144E-011
         129   1.2139376634185476E-011
         130   1.0855451849971015E-011
         131   9.7013937122227320E-012
         132   7.7525425366880708E-012
         133   6.5688940701712874E-012
         134   5.5614312967573692E-012
         135   4.9836393798674046E-012
         136   4.4632555584034995E-012
         137   3.5819335596249398E-012
         138   3.0437671661233944E-012
         139   2.5843764535484282E-012
         140   2.0810399692169406E-012
         141   1.6783055129231025E-012
         142   1.3550719396723131E-012
         143   1.1261233441557470E-012
         144   9.3513296990443391E-013
         145   7.7793653873198660E-013
         146   6.4677023924748782E-013
         147   5.2479225158967424E-013
         148   4.2635991701532053E-013
         149   2.8200490259796525E-013
         150   2.3014240811330970E-013
         151   1.6961504785070563E-013
         152   1.3870903743023660E-013
         153   1.1349253185354625E-013
         154   9.2959331832463030E-014
         155   8.4207801245525876E-014
         156   6.9047095596596171E-014
         157   4.6570094494299448E-014
         158   3.8362404832690632E-014
         159   3.1603342727356068E-014
         160   2.3665311221485867E-014
         161   1.7770021526337203E-014
         162   1.4705294744878716E-014
         163   1.2176158288274257E-014
         164   9.1876201852551791E-015
         165   6.9509517445023940E-015
         166   4.8064823875059842E-015
         167   3.3378954615495789E-015
         168   2.3270001746933281E-015
         169   1.6284762790322586E-015
         170   1.1439592813808946E-015
         171   8.0661651064077191E-016
         172   5.7086719606676453E-016
         173   4.0550704452073372E-016
         174   2.8909510964858312E-016
         175   1.9029389467302006E-016
         176   1.3679358450131004E-016
         177   9.8658422956643806E-017
         178   7.1403323952330316E-017
         179   5.1856628162367987E-017
         180   3.7790030556568086E-017
         181   2.7632655977157080E-017
         182   1.8769296205372119E-017
         183   1.3830012754215145E-017
         184   1.0222492753775062E-017
         185   7.5806421305429666E-018
         186   5.6397099078867997E-018
         187   4.2091643997071930E-018
         188   3.3873035756932098E-018
         189   2.3666864755516540E-018
         190   1.7832436402535435E-018
         191   1.3476496790163304E-018
         192   1.0215742217765319E-018
         193   7.7674433592138775E-019
         194   5.9236572314739751E-019
         195   4.2389975778093174E-019
         196   3.2545306076420086E-019
         197   2.5058699102004154E-019
         198   1.9350217073285002E-019
         199   1.4985117012781395E-019
         200   1.1637816202895985E-019
         201   9.6459941764462971E-020
         202   8.0075653294403151E-020
         203   6.2626560372288056E-020
         204   4.9116332260782181E-020
         205   3.8626811341040552E-020
         206   3.0460667861471162E-020
         207   2.4086273228460384E-020
         208   1.9097245991967405E-020
         209   1.5182194057511480E-020
         210   1.2101908648578105E-020
         211   9.6721324524744197E-021
         212   7.7505558732718789E-021
         213   6.2269952482544190E-021
         214   5.0159380833465560E-021
         215   4.0508581301992230E-021
         216   3.1126145935133155E-021
         217   2.5281045424512791E-021
         218   2.0586853227915029E-021
         219   1.6806594692051268E-021
         220   1.3754937163048442E-021
         221   1.1285497984112211E-021
         222   9.7441220229255000E-022
         223   7.6542921238763686E-022
         224   6.3262433395038984E-022
         225   5.2418541766795135E-022
         226   4.3539141947933647E-022
         227   3.6251438348360199E-022
         228   3.0256284413868071E-022
         229   2.5313109178681101E-022
         230   2.1228025490477067E-022
         231   1.7844428720776975E-022
         232   1.5035553849027330E-022
         233   1.2698570343107934E-022
         234   1.0749887357807230E-022
         235   9.1214101386032027E-023
         236   7.7575465330060560E-023
         237   6.6128159011455430E-023
         238   5.6499354882321404E-023
         239   4.8382819426718341E-023
         240   4.1526508902598898E-023
         241   3.5722544867274963E-023
         242   3.0799122464517428E-023
         243   2.6613971074724655E-023
         244   2.3049052824463430E-023
         245   2.0006247071758833E-023
         246   1.7403829752326207E-023
         247   1.5173600091593042E-023
         248   1.3258529824431334E-023
         249   1.1610842807623037E-023
         250   1.0190441009371665E-023
         251   9.5507119298131909E-024
         252   8.9598367587313155E-024
         253   7.9020630674226612E-024
         254   6.9816074251525928E-024
         255   6.1821185964258429E-024
         256   5.4864466337302644E-024
         257   4.8800445011776362E-024
         258   4.3505534323448464E-024
         259   3.8875057437466093E-024
         260   3.4818221151181857E-024
         261   3.1255328127824966E-024
         262   2.8118816442248749E-024
         263   2.5351276053784590E-024
         264   2.2903817607545819E-024
         265   2.0734696459597330E-024
         266   1.8808164698248289E-024
         267   1.7093533883311352E-024
         268   1.5564404661137386E-024
         269   1.4198018981805718E-024
         270   1.2974710853468817E-024
         271   1.1877446051846347E-024
         272   1.0891437590069232E-024
         273   1.0003822704620893E-024
         274   9.2033898069719563E-025
         275   8.4803480000174384E-025
         276   7.8261317120423608E-025
         277   7.2332333623356786E-025
         278   6.6950580015015102E-025
         279   6.2058003318599744E-025
         280   5.7603412848420838E-025
         281   5.3541607230952278E-025
         282   4.9832611733750074E-025
         283   4.6441017336076736E-025
         284   4.3335406258053637E-025
         285   4.0487852191889905E-025
         286   3.7873487445281069E-025
         287   3.5470131241261374E-025
         288   3.3257971750086262E-025
         289   3.1219291509443492E-025
         290   2.9338227228387823E-025
         291   2.7600555485511964E-025
         292   2.5993501499462445E-025
         293   2.4505573094581716E-025
         294   2.3126418729639862E-025
         295   2.1846706127726859E-025
         296   2.0658013909597254E-025
         297   1.9552732561868369E-025
         298   1.8523971674299112E-025
         299   1.7565481996281998E-025
         300   1.6671591325107738E-025
         301   1.5837151369757330E-025
         302   1.5057484520101500E-025
         303   1.4328333396622478E-025
         304   1.3645816147015783E-025
         305   1.3006390048548810E-025
         306   1.2406819342951444E-025
         307   1.1844145855224993E-025
         308   1.1315662860487664E-025
         309   1.0818891895567903E-025
         310   1.0351560514903008E-025
         311   9.9115820909567201E-026
         312   9.4970383259437050E-026
         313   9.1061653377346162E-026
         314   8.7373406191790039E-026
         315   8.3890704369066012E-026
         316   8.0599773561754259E-026
         317   7.7487895966239354E-026
         318   7.4543320983425057E-026
         319   7.1755191548493350E-026
         320   6.9113470142082830E-026
         321   6.6608865433693986E-026
         322   6.4232760176459652E-026
         323   6.1977154714948082E-026
         324   5.9834621976479137E-026
         325   5.7798272086258244E-026
         326   5.5861711610898518E-026
         327   5.4018999954457173E-026
         328   5.2264604379089256E-026
         329   5.0593363822919647E-026
         330   4.9000461638544125E-026
         331   4.7481403009612900E-026
         332   4.6031993731391240E-026
         333   4.4648318417081969E-026
         334   4.3326721294501143E-026
         335   4.2063787717770155E-026
         336   4.0856325423285805E-026
         337   3.9701345276395565E-026
         338   3.8596043267576424E-026
         339   3.7537786861665768E-026
         340   3.6524104651992055E-026
         341   3.5552679150796250E-026
         342   3.4621336859041381E-026
         343   3.3728037211444766E-026
         344   3.2870860701350042E-026
         345   3.2048000229858405E-026
         346   3.1257754237884418E-026
         347   3.0498520925844835E-026
         348   2.9768791818545750E-026
         349   2.9067145285973311E-026
         350   2.8392239863756152E-026
         351   2.7742808894747199E-026
         352   2.7117656075112185E-026
         353   2.6515651602560367E-026
         354   2.5935728129700743E-026
         355   2.5376876556589521E-026
         356   2.4838142581753020E-026
         357   2.4318623654347409E-026
         358   2.3817465770397453E-026
         359   2.3333859706893576E-026
         360   2.2867037143549108E-026
         361   2.2416268569528214E-026
         362   2.1980861997479550E-026
         363   2.1560162205590339E-026
         364   2.1153548343718926E-026
         365   2.0760431043459165E-026
         366   2.0380249471787633E-026
         367   2.0012469667923168E-026
         368   1.9656583455757589E-026
         369   1.9312107340314659E-026
         370   1.8978581143416621E-026
         371   1.8655566619447041E-026
         372   1.8342646840978148E-026
         373   1.8039425903280132E-026
         374   1.7745527853387307E-026
         375   1.7460594721919485E-026
         376   1.7184283654090880E-026
         377   1.6916265923569143E-026
         378   1.6656226640260339E-026
         379   1.6403865269948828E-026
         380   1.6158894993904115E-026
         381   1.5921041822361868E-026
         382   1.5690044373853141E-026
         383   1.5465653717102469E-026
         384   1.5247632831405213E-026
         385   1.5035755127208454E-026
         386   1.4829802902992955E-026
         387   1.4629566869146613E-026
         388   1.4434846144847259E-026
         389   1.4245448579000351E-026
         390   1.4061190506277928E-026
         391   1.3881896252489309E-026
         392   1.3707397447135679E-026
         393   1.3537532501191254E-026
         394   1.3372146141893937E-026
         395   1.3211089213811333E-026
         396   1.3054218433646106E-026
         397   1.2901396188235568E-026
         398   1.2752490282192378E-026
         399   1.2607373533036516E-026
         400   1.2465923511159427E-026
         401   1.2328022293659642E-026
         402   1.2193556443731412E-026
         403   1.2062417059097773E-026
         404   1.1934499679069844E-026
         405   1.1809704078226508E-026
         406   1.1687933847838454E-026
         407   1.1569096040316404E-026
         408   1.1453100929332550E-026
         409   1.1339861938714966E-026
         410   1.1229295648435619E-026
         411   1.1121321751494228E-026
         412   1.1015862895320049E-026
         413   1.0912844466514824E-026
         414   1.0812194413721744E-026
         415   1.0713843139647254E-026
         416   1.0617723393465079E-026
         417   1.0523770156578172E-026
         418   1.0431920618313428E-026
         419   1.0342114205229004E-026
         420   1.0254292514839322E-026
         421   1.0168399179274310E-026
         422   1.0084379724114863E-026
         423   1.0002181488090709E-026
         424   9.9217535731557905E-027
         425   9.8430466289940514E-027
         426   9.7660127335673085E-027
         427   9.6906053674712301E-027
         428   9.6167794765931399E-027
         429   9.5444915252658405E-027
         430   9.4736993803016679E-027
         431   9.4043622144593873E-027
         432   9.3364404461653953E-027
         433   9.2698957265502569E-027
         434   9.2046909003053494E-027
         435   9.1407899452090748E-027
         436   9.0781579298758976E-027
         437   9.0167609974092423E-027
         438   8.9565663212707720E-027
         439   8.8975419173818727E-027
         440   8.8396565681851810E-027
         441   8.7828798049675126E-027
         442   8.7271820339483141E-027
         443   8.6725346248475416E-027
         444   8.6189098543636460E-027
         445   8.5662808339347106E-027
         446   8.5146214364976246E-027
         447   8.4639062951726623E-027
         448   8.4141108044778434E-027
         449   8.3652110349765036E-027
         450   8.3171836372972486E-027
         451   8.2700058213218100E-027
         452   8.2236553520441762E-027
         453   8.1781105361034449E-027
         454   8.1333501913680573E-027
         455   8.0893536340560087E-027
         456   8.0461007646520886E-027
         457   8.0035721944433480E-027
         458   7.9617492427424021E-027
         459   7.9206138749749546E-027
         460   7.8801485310050613E-027
         461   7.8403360427393528E-027
         462   7.8011596364336336E-027
         463   7.7626029172753914E-027
         464   7.7246498155779249E-027
         465   7.6872845746208781E-027
         466   7.6504917526603385E-027
         467   7.6142563891121796E-027
         468   7.5785641048682756E-027
         469   7.5434010751826178E-027
         470   7.5087539519691059E-027
         471   7.4746097188557008E-027
         472   7.4409556540096276E-027
         473   7.4077793172156053E-027
         474   7.3750685291837966E-027
         475   7.3428113708102065E-027
         476   7.3109961815013436E-027
         477   7.2796115695661950E-027
         478   7.2486464357071297E-027
         479   7.2180899280205498E-027
         480   7.1879314168106054E-027
         481   7.1581605753141797E-027
         482   7.1287674120630350E-027
         483   7.0997422527453063E-027
         484   7.0710755413948981E-027
         485   7.0427576880124154E-027
         486   7.0147790405476923E-027
         487   6.9871299946973987E-027
         488   6.9598011141119146E-027
         489   6.9327830872395819E-027
         490   6.9060666172848731E-027
         491   6.8796422808202174E-027
         492   6.8535004757361643E-027
         493   6.8276314526395021E-027
         494   6.8020253848408611E-027
         495   6.7766723592905836E-027
         496   6.7515621796893028E-027
         497   6.7266841345069083E-027
         498   6.7079314139139522E-027
         499   6.6895147732541936E-027
         500   6.6654292965178744E-027
         501   6.6470600170418684E-027
         502   6.6290046577398109E-027
         503   6.6053666783171000E-027
         504   6.5844804148744882E-027
         505   6.5694393412932697E-027
         506   6.5491146133286939E-027
         507   6.5314141032160330E-027
         508   6.5194855167499531E-027
         509   6.5015633399657076E-027
         510   6.4875523599519946E-027
         511   6.4731238913339546E-027
         512   6.4586304758450781E-027
         513   6.4455549744331430E-027
         514   6.4297837405742075E-027
         515   6.4125153074779432E-027
         516   6.3979510907919469E-027
         517   6.3835092329997757E-027
         518   6.3690409370074651E-027
         519   6.3545619978789917E-027
         520   6.3421760696740810E-027
         521   6.3269655750010955E-027
         522   6.3155228733107969E-027
         523   6.2978209058181521E-027
         524   6.2872141284682594E-027
         525   6.2769172654438502E-027
         526   6.2650826720066230E-027
         527   6.2502646928753148E-027
         528   6.2381292520425566E-027
         529   6.2231069325964613E-027
         530   6.2137312323923831E-027
         531   6.1993242557433379E-027
         532   6.1887182642747493E-027
         533   6.1781535836132323E-027
         534   6.1652431771493710E-027
         535   6.1551373218381876E-027
         536   6.1454533167230980E-027
         537   6.1376860911511767E-027
         538   6.1303086670301994E-027
         539   6.1168374978729010E-027
         540   6.1082662264015572E-027
         541   6.0964957306600299E-027
         542   6.0886491497960041E-027
         543   6.0774233731180833E-027
         544   6.0698061888635966E-027
         545   6.0598226654928745E-027
         546   6.0469542434909531E-027
         547   6.0393572803264671E-027
         548   6.0318451687652532E-027
         549   6.0224209245651643E-027
         550   6.0127147896365020E-027
         551   6.0028721086875566E-027
         552   5.9928325744907811E-027
         553   5.9825595401729321E-027
         554   5.9761302327570673E-027
         555   5.9656325618313994E-027
         556   5.9589740652635401E-027
         557   5.9502442416827470E-027
         558   5.9411767063304552E-027
         559   5.9342297161619085E-027
         560   5.9271905017116983E-027
         561   5.9176828473670188E-027
         562   5.9126518476503407E-027
         563   5.9027898750206485E-027
         564   5.8950428602910561E-027
         565   5.8871954201536654E-027
         566   5.8804662122294875E-027
         567   5.8736719176509419E-027
         568   5.8625436057726328E-027
         569   5.8565882577085153E-027
         570   5.8492799813383390E-027
         571   5.8416976579660496E-027
         572   5.8369340134385464E-027
         573   5.8291460753647911E-027
         574   5.8226160682813509E-027
         575   5.8142976807696569E-027
         576   5.8056507456511802E-027
         577   5.8002303973876800E-027
         578   5.7947831078290195E-027
         579   5.7874512856933026E-027
         580   5.7816829192354766E-027
         581   5.7758087847124043E-027
         582   5.7697619900112319E-027
         583   5.7655679179122764E-027
         584   5.7593376831934386E-027
         585   5.7549942698506616E-027
         586   5.7484566756643964E-027
         587   5.7438632945672145E-027
         588   5.7369297963658506E-027
         589   5.7332275698844417E-027
         590   5.7271380239326709E-027
         591   5.7220884675761447E-027
         592   5.7169341471006540E-027
         593   5.7116277918872274E-027
         594   5.7061582197282147E-027
         595   5.6991744147759882E-027
         596   5.6947399879216624E-027
         597   5.6902709682088895E-027
         598   5.6856805577284658E-027
         599   5.6794418654282577E-027
         600   5.6745562765645954E-027
         601   5.6695663455670894E-027
         602   5.6661048580731924E-027
         603   5.6608876544525327E-027
         604   5.6572291607121108E-027
         605   5.6517021622602287E-027
         606   5.6468700939740215E-027
         607   5.6419061759199103E-027
         608   5.6387924586409064E-027
         609   5.6336038871358010E-027
         610   5.6292411215915108E-027
         611   5.6247728343084377E-027
         612   5.6201909418072491E-027
         613   5.6166475069634798E-027
         614   5.6130452175943264E-027
         615   5.6093474653755942E-027
         616   5.6055479878737530E-027
         617   5.6016398009432736E-027
         618   5.5976151595116640E-027
         619   5.5948274247969442E-027
         620   5.5906249044525324E-027
         621   5.5876839734856414E-027
         622   5.5832413979424285E-027
         623   5.5801262912881636E-027
         624   5.5754510448504786E-027
         625   5.5721665170466772E-027
         626   5.5671807537938532E-027
         627   5.5628068520734600E-027
         628   5.5582933687107337E-027
         629   5.5554545630508089E-027
         630   5.5506992359717955E-027
         631   5.5476709673650276E-027
         632   5.5446141529473241E-027
         633   5.5414749203643123E-027
         634   5.5382479414795677E-027
         635   5.5338267355134983E-027
         636   5.5303425480132327E-027
         637   5.5267760645248402E-027
         638   5.5243022444935088E-027
         639   5.5205626839047776E-027
         640   5.5179423716145328E-027
         641   5.5149454690229755E-027
         642   5.5114975613347896E-027
         643   5.5079247231697854E-027
         644   5.5051401970633874E-027
         645   5.5023027678950752E-027
         646   5.4993851436132642E-027
         647   5.4963818547395197E-027
         648   5.4932868897153581E-027
         649   5.4890330373058638E-027
         650   5.4867676296483546E-027
         651   5.4834661762085295E-027
         652   5.4800659670077491E-027
         653   5.4777030578692752E-027
         654   5.4741211348709253E-027
         655   5.4716048160425259E-027
         656   5.4677799323572146E-027
         657   5.4650851837295502E-027
         658   5.4623436776868246E-027
         659   5.4595180083746415E-027
         660   5.4566021672600421E-027
         661   5.4543334811892750E-027
         662   5.4520251011992324E-027
         663   5.4488710115445081E-027
         664   5.4472004144059569E-027
         665   5.4438860226468192E-027
         666   5.4421161732310552E-027
         667   5.4385973264670092E-027
         668   5.4367138830309282E-027
         669   5.4339023886737390E-027
         670   5.4309697681580433E-027
         671   5.4289310030142653E-027
         672   5.4258409388991351E-027
         673   5.4236698733004323E-027
         674   5.4214668960634124E-027
         675   5.4180745162827176E-027
         676   5.4156810107266484E-027
         677   5.4132439027631783E-027
         678   5.4107292963246269E-027
         679   5.4081314642619985E-027
         680   5.4054439301360865E-027
         681   5.4026593070114209E-027
         682   5.3997691387871738E-027
         683   5.3982436839896435E-027
         684   5.3959736061757964E-027
         685   5.3936121137041372E-027
         686   5.3903627545387243E-027
         687   5.3886281389672990E-027
         688   5.3860365325448940E-027
         689   5.3833251059642454E-027
         690   5.3814343459460185E-027
         691   5.3785636173076642E-027
         692   5.3765387912873642E-027
         693   5.3744803969781595E-027
         694   5.3713020552717926E-027
         695   5.3695971651714151E-027
         696   5.3678938230187717E-027
         697   5.3655698669870736E-027
         698   5.3631464580264736E-027
         699   5.3606315396041974E-027
         700   5.3580168813924350E-027
         701   5.3559660709721107E-027
         702   5.3538675100862707E-027
         703   5.3509791946596086E-027
         704   5.3486864900384357E-027
         705   5.3463297272824206E-027
         706   5.3433936392875282E-027
         707   5.3413162657849202E-027
         708   5.3391967584021626E-027
         709   5.3362728689386902E-027
         710   5.3339426134126217E-027
         711   5.3315417893937555E-027
         712   5.3290395028001263E-027
         713   5.3264255383278667E-027
         714   5.3245861482530634E-027
         715   5.3227153616112044E-027
         716   5.3198210403351934E-027
         717   5.3177494828119298E-027
         718   5.3156332224187563E-027
         719   5.3134329788594428E-027
         720   5.3122593975958902E-027
         721   5.3099576113847242E-027
         722   5.3081103380763430E-027
         723   5.3062196980789275E-027
         724   5.3042592515529910E-027
         725   5.3022230085718988E-027
         726   5.3001041341368052E-027
         727   5.2986119175763634E-027
         728   5.2963671023122987E-027
         729   5.2947578840023916E-027
         730   5.2931300064674410E-027
         731   5.2914471898170855E-027
         732   5.2897050608357383E-027
         733   5.2887673279968905E-027
         734   5.2869697563891247E-027
         735   5.2850562246928005E-027
         736   5.2840174233296716E-027
         737   5.2820337726004357E-027
         738   5.2809207192970645E-027
         739   5.2793243620694895E-027
         740   5.2784370663784461E-027
         741   5.2775836384842203E-027
         742   5.2758857902782130E-027
         743   5.2740619252466530E-027
         744   5.2727548540308911E-027
         745   5.2717574266836553E-027
         746   5.2707609989096529E-027
         747   5.2697400858482997E-027
         748   5.2686930375787693E-027
         749   5.2676179792949658E-027
         750   5.2669154414470783E-027
         751   5.2660386807805323E-027
         752   5.2648407488479229E-027
         753   5.2641386012715871E-027
         754   5.2634938916343969E-027
         755   5.2628373984609628E-027
         756   5.2615774884297628E-027
         757   5.2607921644291036E-027
         758   5.2600848277642958E-027
         759   5.2593654060189159E-027
         760   5.2583225425981999E-027
         761   5.2575308941812717E-027
         762   5.2571103190093162E-027
         763   5.2564280135216530E-027
         764   5.2560162908499010E-027
         765   5.2556557390420153E-027
         766   5.2549833913004299E-027
         767   5.2542729600683082E-027
         768   5.2538823979643090E-027
         769   5.2535323004345808E-027
         770   5.2528684447260438E-027
         771   5.2521704150757542E-027
         772   5.2514728145486902E-027
         773   5.2506115867993458E-027
         774   5.2500585101194237E-027
         775   5.2493625316364899E-027
         776   5.2486459467133932E-027
         777   5.2482627634574118E-027
         778   5.2475513907460961E-027
         779   5.2469837058313730E-027
         780   5.2464175685914498E-027
         781   5.2456566376228550E-027
         782   5.2450583606011002E-027
         783   5.2445346575543231E-027
         784   5.2435645293985303E-027
         785   5.2428742039721377E-027
         786   5.2425167715624657E-027
         787   5.2421660610472377E-027
         788   5.2420177555688169E-027
 --------m_x*(phi(nlines)-phi)/(kB*T_x)---------
           1   67.844377298802129     
           2   67.843622426775127     
           3   67.843178979294123     
           4   67.842475026973162     
           5   67.841357520695766     
           6   67.839583466196700     
           7   67.836767025219999     
           8   67.832295449458570     
           9   67.825195408968625     
          10   67.816847107768240     
          11   67.809620144425637     
          12   67.797019561648142     
          13   67.775784806498507     
          14   67.740869952265783     
          15   67.711080412333459     
          16   67.684294512842456     
          17   67.636385209490939     
          18   67.593438376584416     
          19   67.529171819129800     
          20   67.470846557957501     
          21   67.353272418391569     
          22   67.158566549949583     
          23   66.803914660778020     
          24   66.466450778436709     
          25   66.029029034755737     
          26   65.486697855141614     
          27   64.754573244858364     
          28   64.094406192299601     
          29   63.512994680704232     
          30   62.989154041471721     
          31   62.314850382038919     
          32   61.825650616978265     
          33   61.496056666076541     
          34   60.889247411551075     
          35   60.338894615699601     
          36   59.892123122732031     
          37   59.498200945774421     
          38   59.205042264907902     
          39   58.815955284639742     
          40   58.429641785613491     
          41   58.046106246552689     
          42   57.665336679749423     
          43   57.287320546647585     
          44   57.005375532739052     
          45   56.818450826647307     
          46   56.446603170206281     
          47   56.169678960719310     
          48   55.893912358343101     
          49   55.619793216556808     
          50   55.256696139394435     
          51   54.896254704916835     
          52   54.538573370461975     
          53   54.183363667263855     
          54   53.830750612133308     
          55   53.480710948985084     
          56   53.133221486064770     
          57   52.788257475266313     
          58   52.445794962848495     
          59   52.275492197059144     
          60   51.936743422579092     
          61   51.600424312333182     
          62   51.266518745796404     
          63   50.935000969653032     
          64   50.770135894767840     
          65   50.442153070291212     
          66   50.116496097471718     
          67   49.793140058111746     
          68   49.472060340246770     
          69   49.153232202235316     
          70   48.836631190244731     
          71   48.522233409141009     
          72   48.210014915668665     
          73   47.899951863134568     
          74   47.592021178919282     
          75   47.286199691145896     
          76   46.982464312049025     
          77   46.680792274536820     
          78   46.381161262274574     
          79   46.083548712628826     
          80   45.787932527019144     
          81   45.494290897377695     
          82   45.202602258364301     
          83   44.912845276772877     
          84   44.768688920562880     
          85   44.481790215272596     
          86   44.339232297314076     
          87   44.055148829891522     
          88   43.772914397359330     
          89   43.492318063195292     
          90   43.213718734615412     
          91   42.936909173953730     
          92   42.799371353569462     
          93   42.525012527238381     
          94   42.252593968571603     
          95   41.981899265884934     
          96   41.712910267872722     
          97   41.445609084034508     
          98   41.179978142552748     
          99   40.916000066482866     
         100   40.784843544424028     
         101   40.523314648651521     
         102   40.263396539986466     
         103   40.069891110555119     
         104   39.876289785457018     
         105   39.620327099071140     
         106   39.492933620650831     
         107   39.239299604648188     
         108   38.987199866055896     
         109   38.736846628770046     
         110   38.487774113839329     
         111   38.302351356024168     
         112   38.116734260203593     
         113   37.933088870240624     
         114   37.749230649637880     
         115   37.506039624700215     
         116   37.264284927577549     
         117   37.144177854008788     
         118   37.023959543337106     
         119   36.785038217773632     
         120   36.666339641265260     
         121   36.547520438905465     
         122   36.370935963954821     
         123   36.194067651441678     
         124   35.959982141178131     
         125   35.727249438723895     
         126   35.611626316529836     
         127   35.495862938872143     
         128   35.323609249135998     
         129   35.151028505473661     
         130   35.037059433592667     
         131   34.922940562182276     
         132   34.696146818480898     
         133   34.527557315392940     
         134   34.358613652197739     
         135   34.246901701266871     
         136   34.135028015602686     
         137   33.912699190402151     
         138   33.747197239015414     
         139   33.581315361641096     
         140   33.362098442725909     
         141   33.144109853114500     
         142   32.927340679525166     
         143   32.739669447201720     
         144   32.551447125745256     
         145   32.365073027447366     
         146   32.178132365989484     
         147   31.966744149548404     
         148   31.756528223697359     
         149   31.339539297536554     
         150   31.132791539579475     
         151   30.824793706289967     
         152   30.620884107728557     
         153   30.418097398539270     
         154   30.216426627249319     
         155   30.116009979439649     
         156   29.915999887053911     
         157   29.519229095758128     
         158   29.322493075410403     
         159   29.126834388727207     
         160   28.835340107226624     
         161   28.546233595200324     
         162   28.354819764934149     
         163   28.164451424460754     
         164   27.880834259251710     
         165   27.599535106723309     
         166   27.228020132451675     
         167   26.860545922298073     
         168   26.497068586497793     
         169   26.137543760445649     
         170   25.781926794304784     
         171   25.430174537135674     
         172   25.082245758112460     
         173   24.738099154498734     
         174   24.397693183526542     
         175   23.977355187188095     
         176   23.645221605979842     
         177   23.316704058839850     
         178   22.991766799885120     
         179   22.670374017583107     
         180   22.352489538044505     
         181   22.038076772765535     
         182   21.649861276346734     
         183   21.343130938198598     
         184   21.039761737154649     
         185   20.739721722332984     
         186   20.442978001187090     
         187   20.149498062616178     
         188   19.931522468714171     
         189   19.572191445432598     
         190   19.288316324505804     
         191   19.007582206851993     
         192   18.729960642534934     
         193   18.455423938669767     
         194   18.183943838361920     
         195   17.848826643782591     
         196   17.584121308504152     
         197   17.322384332556638     
         198   17.063590965545842     
         199   16.807716514277157     
         200   16.554736946874858     
         201   16.366897674645575     
         202   16.180664331079882     
         203   15.934822715253732     
         204   15.691796929422967     
         205   15.451565752548909     
         206   15.214110011455176     
         207   14.979410392596000     
         208   14.747446077122991     
         209   14.518197191320468     
         210   14.291646563144580     
         211   14.067778488253200     
         212   13.846576654510013     
         213   13.628023852496042     
         214   13.412103058711738     
         215   13.198798203320443     
         216   12.935806598655075     
         217   12.728331854256353     
         218   12.523423810966229     
         219   12.321068647464577     
         220   12.121252807376610     
         221   11.923962305782881     
         222   11.777649949950552     
         223   11.536894717706449     
         224   11.347099644037360     
         225   11.159777973383690     
         226   10.974917049917856     
         227   10.792504112362176     
         228   10.612526375104762     
         229   10.434971204987152     
         230   10.259826231746263     
         231   10.087079303797823     
         232   9.9167184839024909     
         233   9.7487321232959090     
         234   9.5831090881056014     
         235   9.4198388789699461     
         236   9.2589112238694860     
         237   9.1003158714245860     
         238   8.9440428722659089     
         239   8.7900829537850349     
         240   8.6384277371451983     
         241   8.4890694962743112     
         242   8.3420009394793428     
         243   8.1972152910447367     
         244   8.0547066417964679     
         245   7.9144702596319094     
         246   7.7765027129841791     
         247   7.6408019417642583     
         248   7.5073671747577890     
         249   7.3761991242521496     
         250   7.2473004281227498     
         251   7.1837104673901999     
         252   7.1206899525316327     
         253   6.9963479087897440     
         254   6.8743013398791177     
         255   6.7545677822329973     
         256   6.6371708858038874     
         257   6.5221419618242109     
         258   6.4095221007596690     
         259   6.2993070087077587     
         260   6.1914304431943457     
         261   6.0858285269780694     
         262   5.9824388331867286     
         263   5.8812007965996962     
         264   5.7820565175472787     
         265   5.6849505624882584     
         266   5.5898291642727145     
         267   5.4966399796022367     
         268   5.4053324330616741     
         269   5.3158579400798667     
         270   5.2281696962712569     
         271   5.1422224134293142     
         272   5.0579721802164341     
         273   4.9753764052767497     
         274   4.8943937678305645     
         275   4.8149842790327853     
         276   4.7371094197852086     
         277   4.6607321687293419     
         278   4.5858166251853669     
         279   4.5123277080593089     
         280   4.4402311170835977     
         281   4.3694935860678044     
         282   4.3000829796744755     
         283   4.2319683234076306     
         284   4.1651197460721221     
         285   4.0995083339212712     
         286   4.0351059495603954     
         287   3.9718851149224172     
         288   3.9098190228257548     
         289   3.8488816301172255     
         290   3.7890477601077057     
         291   3.7302930837131734     
         292   3.6725939619603079     
         293   3.6159273090782276     
         294   3.5602705775561834     
         295   3.5056018979441887     
         296   3.4519001865906631     
         297   3.3991451076462926     
         298   3.3473167444766525     
         299   3.2963954355008389     
         300   3.2463618720670335     
         301   3.1971974515876029     
         302   3.1488842996018338     
         303   3.1014050780557199     
         304   3.0547427736263550     
         305   3.0088807171727803     
         306   2.9638026373458168     
         307   2.9194926707600888     
         308   2.8759353863390968     
         309   2.8331158341682730     
         310   2.7910194626091638     
         311   2.7496319973280445     
         312   2.7089393722334205     
         313   2.6689278550643762     
         314   2.6295841394718389     
         315   2.5908953497367206     
         316   2.5528489049360990     
         317   2.5154324418862939     
         318   2.4786338227619296     
         319   2.4424412475267703     
         320   2.4068432807631570     
         321   2.3718287903229904     
         322   2.3373867902712631     
         323   2.3035064048041396     
         324   2.2701769339360807     
         325   2.2373880326236928     
         326   2.2051297659418259     
         327   2.1733925470944691     
         328   2.1421669591764689     
         329   2.1114436502142904     
         330   2.0812133414370737     
         331   2.0514668949568327     
         332   2.0221953806936206     
         333   1.9933900941553346     
         334   1.9650425875307338     
         335   1.9371446805993298     
         336   1.9096884345207503     
         337   1.8826660801566975     
         338   1.8560699363697253     
         339   1.8298923935383682     
         340   1.8041259479019112     
         341   1.7787632989902669     
         342   1.7537973656885919     
         343   1.7292212578420201     
         344   1.7050282007334152     
         345   1.6812115224705766     
         346   1.6577646675893545     
         347   1.6346812273843547     
         348   1.6119549409183931     
         349   1.5895796851110104     
         350   1.5675494415053361     
         351   1.5458582874122173     
         352   1.5245004023399249     
         353   1.5034700860285828     
         354   1.4827617621795601     
         355   1.4623699666392926     
         356   1.4422893519386877     
         357   1.4225146958114228     
         358   1.4030408960304079     
         359   1.3838629369985731     
         360   1.3649758441417181     
         361   1.3463746997895460     
         362   1.3280546813934242     
         363   1.3100111165795754     
         364   1.2922394659572762     
         365   1.2747352828838061     
         366   1.2574941638150154     
         367   1.2405117496170168     
         368   1.2237837454321170     
         369   1.2073059339108045     
         370   1.1910741705355661     
         371   1.1750843748583963     
         372   1.1593325592883974     
         373   1.1438148743386554     
         374   1.1285276127137558     
         375   1.1134671610408078     
         376   1.0986298936907868     
         377   1.0840121625654202     
         378   1.0696103210662866     
         379   1.0554207958381752     
         380   1.0414400905015366     
         381   1.0276647725362189     
         382   1.0140914990146117     
         383   1.0007170468910869     
         384  0.98753831945440873     
         385  0.97455229135869548     
         386  0.96175594512999574     
         387  0.94914627016914932     
         388  0.93672028533270524     
         389  0.92447507462813738     
         390  0.91240778836458236     
         391  0.90051563420984160     
         392  0.88879584756976404     
         393  0.87724567113824270     
         394  0.86586234442825338     
         395  0.85464313471963826     
         396  0.84358537414696155     
         397  0.83268647652447092     
         398  0.82194392920987480     
         399  0.81135526390093282     
         400  0.80091804401646394     
         401  0.79062985833442911     
         402  0.78048832480222829     
         403  0.77049110134245336     
         404  0.76063589345974858     
         405  0.75092045900906745     
         406  0.74134259627917287     
         407  0.73190013076922755     
         408  0.72259090667320980     
         409  0.71341278995749668     
         410  0.70436367823395729     
         411  0.69544150813156080     
         412  0.68664425410931051     
         413  0.67796992131061307     
         414  0.66941653933632561     
         415  0.66098216090784301     
         416  0.65266486019382131     
         417  0.64446273066290727     
         418  0.63637389021531843     
         419  0.62839649043546231     
         420  0.62052871786424013     
         421  0.61276878990603745     
         422  0.60511495107467450     
         423  0.59756547352149825     
         424  0.59011865813262321     
         425  0.58277281838629391     
         426  0.57552627353612540     
         427  0.56837735140492174     
         428  0.56132440038593923     
         429  0.55436580102671218     
         430  0.54749996019045399     
         431  0.54072530641618233     
         432  0.53404028746196597     
         433  0.52744337226858062     
         434  0.52093305099159393     
         435  0.51450783373211217     
         436  0.50816625153001094     
         437  0.50190685897468323     
         438  0.49572823321560644     
         439  0.48962895824118113     
         440  0.48360762078660391     
         441  0.47766281078616513     
         442  0.47179313743792989     
         443  0.46599724189411057     
         444  0.46027379492065978     
         445  0.45462149283709474     
         446  0.44903905166733082     
         447  0.44352520835245324     
         448  0.43807872244053375     
         449  0.43269836897376357     
         450  0.42738293111175313     
         451  0.42213120052936476     
         452  0.41694197906112990     
         453  0.41181408108189765     
         454  0.40674633409481453     
         455  0.40173757960653234     
         456  0.39678668316787497     
         457  0.39189254651482580     
         458  0.38705410623058684     
         459  0.38227032871671079     
         460  0.37754019437622199     
         461  0.37286269316028564     
         462  0.36823682735778585     
         463  0.36366160991540508     
         464  0.35913605623569805     
         465  0.35465918217339010     
         466  0.35023000554557993     
         467  0.34584756823321355     
         468  0.34151094950155586     
         469  0.33721926383824397     
         470  0.33297165289120784     
         471  0.32876726876918883     
         472  0.32460527119715726     
         473  0.32048482699738262     
         474  0.31640510554480050     
         475  0.31236527531139680     
         476  0.30836450305203156     
         477  0.30440195684766908     
         478  0.30047681157055339     
         479  0.29658824419862301     
         480  0.29273543061072294     
         481  0.28891755700324451     
         482  0.28513382551699989     
         483  0.28138345340652798     
         484  0.27766564398652227     
         485  0.27397956131900136     
         486  0.27032432422216190     
         487  0.26669902325988942     
         488  0.26310274109689891     
         489  0.25953454783139979     
         490  0.25599348697286767     
         491  0.25247856018844905     
         492  0.24898872340748809     
         493  0.24552288947471207     
         494  0.24207993273025849     
         495  0.23865868463944362     
         496  0.23525790823387263     
         497  0.23187626936190481     
         498  0.22935538799162758     
         499  0.22683646818771411     
         500  0.22349620843473680     
         501  0.22100375461123545     
         502  0.21851104760649565     
         503  0.21520194997765121     
         504  0.21231680690513530     
         505  0.21025485274985883     
         506  0.20737851147389813     
         507  0.20491320275104535     
         508  0.20327037750867685     
         509  0.20070509059751884     
         510  0.19874996989280014     
         511  0.19670129387468305     
         512  0.19464161606067801     
         513  0.19278777957658824     
         514  0.19051855578007387     
         515  0.18803654980549125     
         516  0.18596112368006260     
         517  0.18388080383821326     
         518  0.18179083227317760     
         519  0.17969369506255056     
         520  0.17790776618163504     
         521  0.17567568367367301     
         522  0.17402869208571925     
         523  0.17139896288191311     
         524  0.16988585881173593     
         525  0.16837124200667164     
         526  0.16661748215496341     
         527  0.16440997884948907     
         528  0.16262783654763882     
         529  0.16037771100435255     
         530  0.15901442076216526     
         531  0.15683233350708700     
         532  0.15526752786077883     
         533  0.15368164522894631     
         534  0.15172641562783978     
         535  0.15021938321129366     
         536  0.14875821095086286     
         537  0.14759346656785158     
         538  0.14647701348282052     
         539  0.14439645117351479     
         540  0.14312041935680947     
         541  0.14130586115797142     
         542  0.14012899460903530     
         543  0.13839014238771516     
         544  0.13724197291926468     
         545  0.13569349389934468     
         546  0.13369533818214019     
         547  0.13255192598229076     
         548  0.13138969509544979     
         549  0.12991949021281071     
         550  0.12841196307696959     
         551  0.12688071075711241     
         552  0.12531539057043564     
         553  0.12371024734789834     
         554  0.12272546850479342     
         555  0.12105836958078270     
         556  0.12003484021294704     
         557  0.11865099989820185     
         558  0.11722193768533527     
         559  0.11613772242473738     
         560  0.11502519742896415     
         561  0.11350817489824115     
         562  0.11273527052594570     
         563  0.11114437282573812     
         564  0.10992522010643456     
         565  0.10867513553315079     
         566  0.10760829629736282     
         567  0.10652317057049612     
         568  0.10472077782206372     
         569  0.10379459845568004     
         570  0.10261430637547257     
         571  0.10139496635764716     
         572  0.10064323816577923     
         573   9.9372758276976739E-002
         574   9.8326406755376156E-002
         575   9.6973054589056445E-002
         576   9.5572213875753639E-002
         577   9.4710211771446978E-002
         578   9.3825599130413259E-002
         579   9.2624682706431344E-002
         580   9.1694304228068638E-002
         581   9.0736499941540677E-002
         582   8.9749259331738232E-002
         583   8.9073633254496049E-002
         584   8.8044591731683317E-002
         585   8.7343408984179929E-002
         586   8.6260886490331465E-002
         587   8.5517279906814320E-002
         588   8.4366404675522338E-002
         589   8.3773858106771737E-002
         590   8.2759072153693269E-002
         591   8.1932223497891629E-002
         592   8.1080991094318572E-002
         593   8.0203626489417049E-002
         594   7.9298183774256001E-002
         595   7.8134121508035698E-002
         596   7.7411370293885479E-002
         597   7.6668991529802000E-002
         598   7.5905673058404025E-002
         599   7.4859894779179134E-002
         600   7.4052906926019277E-002
         601   7.3220192728541952E-002
         602   7.2649772963211456E-002
         603   7.1769672681238170E-002
         604   7.1165550452828116E-002
         605   7.0231357239277231E-002
         606   6.9425198828649323E-002
         607   6.8591776548794683E-002
         608   6.8077680395561405E-002
         609   6.7195772324691844E-002
         610   6.6466009252749009E-002
         611   6.5713003995397742E-002
         612   6.4940209303018276E-002
         613   6.4347269758788128E-002
         614   6.3738684317656197E-002
         615   6.3113466437383081E-002
         616   6.2470515964466851E-002
         617   6.1808605629646449E-002
         618   6.1126373822798612E-002
         619   6.0659512109071265E-002
         620   5.9939983881782379E-002
         621   5.9446673965962878E-002
         622   5.8684862835237835E-002
         623   5.8161451033741575E-002
         624   5.7358550896349184E-002
         625   5.6805691861737256E-002
         626   5.5947851371924817E-002
         627   5.5204547428967951E-002
         628   5.4432970424521242E-002
         629   5.3955367106106121E-002
         630   5.3133037520524069E-002
         631   5.2622679142365583E-002
         632   5.2098689015169362E-002
         633   5.1560215610741929E-002
         634   5.1006316032857164E-002
         635   5.0241982148014772E-002
         636   4.9647784080803059E-002
         637   4.9034138818792920E-002
         638   4.8613478780323717E-002
         639   4.7963959272294403E-002
         640   4.7517786926386446E-002
         641   4.6999467815416258E-002
         642   4.6402880783009769E-002
         643   4.5785784858836505E-002
         644   4.5308484107274428E-002
         645   4.4817902202088158E-002
         646   4.4313157202473794E-002
         647   4.3793277116435457E-002
         648   4.3257193224898002E-002
         649   4.2515194918605947E-002
         650   4.2131621824781494E-002
         651   4.1554265272817068E-002
         652   4.0963950138989194E-002
         653   4.0558367320546095E-002
         654   3.9930569538431597E-002
         655   3.9498135169435497E-002
         656   3.8826930183604828E-002
         657   3.8363241670079866E-002
         658   3.7885586307039837E-002
         659   3.7393003344015914E-002
         660   3.6884422377173265E-002
         661   3.6491756436759254E-002
         662   3.6088840145140598E-002
         663   3.5534586826008560E-002
         664   3.5249671984009801E-002
         665   3.4663176346926977E-002
         666   3.4361060710312447E-002
         667   3.3737783157370249E-002
         668   3.3415974580119370E-002
         669   3.2919643441679129E-002
         670   3.2405822646687947E-002
         671   3.2052843518930563E-002
         672   3.1506563823332050E-002
         673   3.1130352218002033E-002
         674   3.0743833265222453E-002
         675   3.0143303139294617E-002
         676   2.9728012082030228E-002
         677   2.9299840074798786E-002
         678   2.8857876873984934E-002
         679   2.8401101372128541E-002
         680   2.7928358785413450E-002
         681   2.7438331684023362E-002
         682   2.6929511233530011E-002
         683   2.6667510936816755E-002
         684   2.6264394947641611E-002
         685   2.5848368815709052E-002
         686   2.5271972530684368E-002
         687   2.4973739996145876E-002
         688   2.4512881699678371E-002
         689   2.4034571465182075E-002
         690   2.3705225029423193E-002
         691   2.3194231897002985E-002
         692   2.2841373283759365E-002
         693   2.2478018255162144E-002
         694   2.1911766493839729E-002
         695   2.1618332010570365E-002
         696   2.1317535545623160E-002
         697   2.0904294274561662E-002
         698   2.0476086333063560E-002
         699   2.0031631630425463E-002
         700   1.9569473554972967E-002
         701   1.9210239163829902E-002
         702   1.8839342358344616E-002
         703   1.8325194413474768E-002
         704   1.7923572603611996E-002
         705   1.7506981608753202E-002
         706   1.6985463900925046E-002
         707   1.6623448773383988E-002
         708   1.6248948402246024E-002
         709   1.5728479303888283E-002
         710   1.5320783541284902E-002
         711   1.4896797663382512E-002
         712   1.4455016176890894E-002
         713   1.3993678226703216E-002
         714   1.3674240511491815E-002
         715   1.3344513086884441E-002
         716   1.2828964384121807E-002
         717   1.2470003903863559E-002
         718   1.2097692740357857E-002
         719   1.1710893834309332E-002
         720   1.1511655403016158E-002
         721   1.1100610610972604E-002
         722   1.0780511750953854E-002
         723   1.0449436002863645E-002
         724   1.0106524855445278E-002
         725   9.7508229065566172E-003
         726   9.3812542039124203E-003
         727   9.1265729006724510E-003
         728   8.7310786613961824E-003
         729   8.4577706332682606E-003
         730   8.1761494918737628E-003
         731   7.8856484798929902E-003
         732   7.5856456873169406E-003
         733   7.4318749507787558E-003
         734   7.1163188754416696E-003
         735   6.7894287445058894E-003
         736   6.6214764633744701E-003
         737   6.2759262560009828E-003
         738   6.0981068068349234E-003
         739   5.8246603511321595E-003
         740   5.6848030291293773E-003
         741   5.5427666421924019E-003
         742   5.2518700657905844E-003
         743   4.9514887465314447E-003
         744   4.7457460046460773E-003
         745   4.5884524215534083E-003
         746   4.4285310549472372E-003
         747   4.2659354922388341E-003
         748   4.1006301043662874E-003
         749   3.9325944687882289E-003
         750   3.8304741863941279E-003
         751   3.6927867732939718E-003
         752   3.5065230042782883E-003
         753   3.4123068475678340E-003
         754   3.3173800975102468E-003
         755   3.2217701055513122E-003
         756   3.0285704924566214E-003
         757   2.9311366528047052E-003
         758   2.8331872090983389E-003
         759   2.7347695200574335E-003
         760   2.5863221320384009E-003
         761   2.4868137448780482E-003
         762   2.4368706650002739E-003
         763   2.3365597074735756E-003
         764   2.2861425407156503E-003
         765   2.2355287216536623E-003
         766   2.1336424734028905E-003
         767   2.0307054071994632E-003
         768   1.9787754028042837E-003
         769   1.9265115539339294E-003
         770   1.8209020247795156E-003
         771   1.7136609597049749E-003
         772   1.6045792257704252E-003
         773   1.4653198966002414E-003
         774   1.3800173722760898E-003
         775   1.2640589094146204E-003
         776   1.1453184589257867E-003
         777   1.0848132583986241E-003
         778   9.6138454303179067E-004
         779   8.6652598666125881E-004
         780   7.6955904376314443E-004
         781   6.3674006694604767E-004
         782   5.3425073211599424E-004
         783   4.4328186880876008E-004
         784   2.6966213718741594E-004
         785   1.4945855226102515E-004
         786   8.7902096614680421E-005
         787   2.5326156579210966E-005
         788   0.0000000000000000     
 --------n_nuc(1,:)---------
           1   3.8188414724547758E+025
           2   3.8188414724547745E+025
           3   3.8183588788350879E+025
           4   3.8177849347043502E+025
           5   3.8168754698653628E+025
           6   3.8154359271184602E+025
           7   3.8131612350831951E+025
           8   3.8095764637118021E+025
           9   3.8039506222619521E+025
          10   3.7968206444528085E+025
          11   3.7899375208033925E+025
          12   3.7809036356586197E+025
          13   3.7658737210566534E+025
          14   3.7420885242181020E+025
          15   3.7191752405223644E+025
          16   3.7005299734866026E+025
          17   3.6756817829568014E+025
          18   3.6494785855053323E+025
          19   3.6212931338561815E+025
          20   3.5924794280769057E+025
          21   3.5576874073384398E+025
          22   3.5016232383681143E+025
          23   3.4234848538416721E+025
          24   3.3605008192610595E+025
          25   3.3056025607749547E+025
          26   3.2534479125163466E+025
          27   3.1993400135606825E+025
          28   3.1505041813821817E+025
          29   3.1079192262161854E+025
          30   3.0689755542764128E+025
          31   3.0240082116232418E+025
          32   2.9794734248343686E+025
          33   2.9467399062064523E+025
          34   2.9067824985207175E+025
          35   2.8566936815794215E+025
          36   2.8121945060374919E+025
          37   2.7736564969125797E+025
          38   2.7416388987602645E+025
          39   2.7091031391546491E+025
          40   2.6718047654614024E+025
          41   2.6341609039215190E+025
          42   2.5963460420995551E+025
          43   2.5584206576019834E+025
          44   2.5253033320714351E+025
          45   2.5016355028592917E+025
          46   2.4729713862428929E+025
          47   2.4399302403669173E+025
          48   2.4115720110770072E+025
          49   2.3832793891103363E+025
          50   2.3502977330386018E+025
          51   2.3128966743843529E+025
          52   2.2757116351779369E+025
          53   2.2387632990591370E+025
          54   2.2020610869704008E+025
          55   2.1656436292302990E+025
          56   2.1295254946087670E+025
          57   2.0937288664080650E+025
          58   2.0582606434134753E+025
          59   2.0320047228878921E+025
          60   2.0057076867017365E+025
          61   1.9711211356957308E+025
          62   1.9368983732272864E+025
          63   1.9030536666031754E+025
          64   1.8780209462288808E+025
          65   1.8530043896315074E+025
          66   1.8201249090593984E+025
          67   1.7876434252226070E+025
          68   1.7555639590209148E+025
          69   1.7238924749371798E+025
          70   1.6926325810426794E+025
          71   1.6617863641861961E+025
          72   1.6313586502332076E+025
          73   1.6013532988372197E+025
          74   1.5717699880148853E+025
          75   1.5426114374549094E+025
          76   1.5138785329631465E+025
          77   1.4855703765314804E+025
          78   1.4576850454616572E+025
          79   1.4302234156755513E+025
          80   1.4031832745654176E+025
          81   1.3765630259349292E+025
          82   1.3503610103730730E+025
          83   1.3245751526466415E+025
          84   1.3055612249442431E+025
          85   1.2866700222609090E+025
          86   1.2681228189144487E+025
          87   1.2496996083220460E+025
          88   1.2255466022624260E+025
          89   1.2017848639918057E+025
          90   1.1784191983734984E+025
          91   1.1554526017387601E+025
          92   1.1385343490314287E+025
          93   1.1217366580876737E+025
          94   1.0997238975861235E+025
          95   1.0780967313832136E+025
          96   1.0568429067393018E+025
          97   1.0359580652709791E+025
          98   1.0154374971861299E+025
          99   9.9527682071425244E+024
         100   9.8043284477669007E+024
         101   9.6571641276379820E+024
         102   9.4643511370633857E+024
         103   9.2988023381909649E+024
         104   9.1586090353186187E+024
         105   8.9971502663851014E+024
         106   8.8614432249196690E+024
         107   8.7269922358564947E+024
         108   8.5509963148786561E+024
         109   8.3783100277036989E+024
         110   8.2088083297999140E+024
         111   8.0632909453842452E+024
         112   7.9401119858608492E+024
         113   7.8186942296758456E+024
         114   7.6990076201490207E+024
         115   7.5611946035227416E+024
         116   7.4068229775686116E+024
         117   7.2932730697024092E+024
         118   7.2182727624834220E+024
         119   7.1068238976206439E+024
         120   6.9975705319465495E+024
         121   6.9254170229995752E+024
         122   6.8362442607904085E+024
         123   6.7306811287012145E+024
         124   6.6091408529733854E+024
         125   6.4730326883580376E+024
         126   6.3729512187447552E+024
         127   6.3068695991384283E+024
         128   6.2251536966219211E+024
         129   6.1283792246478418E+024
         130   6.0488424187198929E+024
         131   5.9859484313500140E+024
         132   5.8925289895494244E+024
         133   5.7858386934637403E+024
         134   5.6956746250620568E+024
         135   5.6215262544289948E+024
         136   5.5628479516939397E+024
         137   5.4756945549216116E+024
         138   5.3760994733374049E+024
         139   5.2918680635792587E+024
         140   5.1949991270179162E+024
         141   5.0866341096062984E+024
         142   4.9804221990626871E+024
         143   4.8830580988095234E+024
         144   4.7936855970242921E+024
         145   4.7057534593671407E+024
         146   4.6192291653822929E+024
         147   4.5280698827957452E+024
         148   4.4329975620538805E+024
         149   4.2934800425825389E+024
         150   4.1590598433860238E+024
         151   4.0496027784072267E+024
         152   3.9432731467078770E+024
         153   3.8600220200218645E+024
         154   3.7784715323998658E+024
         155   3.7184993814561737E+024
         156   3.6592584406210598E+024
         157   3.5433161223524193E+024
         158   3.4316247044183074E+024
         159   3.3588395624760126E+024
         160   3.2698265210982151E+024
         161   3.1661982767773532E+024
         162   3.0824212622619931E+024
         163   3.0168620846162204E+024
         164   2.9367059206939572E+024
         165   2.8434017036926556E+024
         166   2.7380619569394006E+024
         167   2.6225355466000899E+024
         168   2.5118190491210732E+024
         169   2.4057142401663841E+024
         170   2.3040315407992117E+024
         171   2.2066001612576630E+024
         172   2.1132576241045569E+024
         173   2.0238354675257241E+024
         174   1.9381704568994397E+024
         175   1.8459830479660269E+024
         176   1.7584027291793342E+024
         177   1.6839597975624973E+024
         178   1.6126809322517115E+024
         179   1.5444325743104214E+024
         180   1.4790850713386600E+024
         181   1.4165137691961832E+024
         182   1.3492145978262462E+024
         183   1.2852943605677225E+024
         184   1.2309922131113634E+024
         185   1.1790156394470437E+024
         186   1.1292611510888908E+024
         187   1.0816345760889114E+024
         188   1.0416830160848442E+024
         189   9.9771111885574822E+023
         190   9.5065289905747033E+023
         191   9.1068256194139932E+023
         192   8.7243048888626601E+023
         193   8.3582413552085534E+023
         194   8.0079000467475953E+023
         195   7.6313016862707808E+023
         196   7.2736090592535972E+023
         197   6.9698709335567702E+023
         198   6.6792226113775048E+023
         199   6.4010903177801827E+023
         200   6.1349395336655667E+023
         201   5.9117116613221883E+023
         202   5.7269267351694143E+023
         203   5.5187198135023445E+023
         204   5.2906048853778147E+023
         205   5.0723264977669731E+023
         206   4.8634918184299210E+023
         207   4.6636796896908243E+023
         208   4.4724607010511815E+023
         209   4.2894723298194438E+023
         210   4.1143998597752867E+023
         211   3.9469181505750892E+023
         212   3.7866795594931819E+023
         213   3.6333475017901915E+023
         214   3.4866189032062500E+023
         215   3.3462163567397287E+023
         216   3.1953671556442297E+023
         217   3.0520482299421215E+023
         218   2.9303776079356786E+023
         219   2.8139570371352074E+023
         220   2.7025584008547078E+023
         221   2.5959546363859758E+023
         222   2.5065106151298779E+023
         223   2.4081958334764541E+023
         224   2.3028886882031907E+023
         225   2.2134956756521949E+023
         226   2.1279480448380176E+023
         227   2.0460762592120619E+023
         228   1.9677193679111297E+023
         229   1.8927255182162198E+023
         230   1.8209507520458496E+023
         231   1.7522570334076567E+023
         232   1.6865124811328052E+023
         233   1.6235917647462400E+023
         234   1.5633771950145935E+023
         235   1.5057572882950588E+023
         236   1.4506215562769736E+023
         237   1.3978625403030004E+023
         238   1.3473800111720919E+023
         239   1.2990813210421769E+023
         240   1.2528797034308646E+023
         241   1.2086901777136278E+023
         242   1.1664297327361294E+023
         243   1.1260196808291565E+023
         244   1.0873875391321962E+023
         245   1.0504664105827011E+023
         246   1.0151933251690295E+023
         247   9.8150869936003688E+022
         248   9.4935515791226688E+022
         249   9.1867946581654837E+022
         250   8.8943412007097017E+022
         251   8.6846309135399602E+022
         252   8.5487586583985751E+022
         253   8.3507469834311564E+022
         254   8.0990516785036390E+022
         255   7.8604876319262889E+022
         256   7.6349784182016524E+022
         257   7.4225752537129781E+022
         258   7.2234977008743824E+022
         259   7.0344485441776055E+022
         260   6.8511012818111982E+022
         261   6.6732521341978212E+022
         262   6.5006546592118656E+022
         263   6.3331031126153227E+022
         264   6.1704562857479275E+022
         265   6.0125731378009993E+022
         266   5.8592755271387467E+022
         267   5.7103820230654756E+022
         268   5.5657435754429137E+022
         269   5.4252353992982146E+022
         270   5.2887299120665004E+022
         271   5.1560929152307267E+022
         272   5.0271905672141614E+022
         273   4.9018942949996508E+022
         274   4.7800805706189150E+022
         275   4.6616371784707780E+022
         276   4.5464675105886114E+022
         277   4.4344834683852342E+022
         278   4.3255816459964050E+022
         279   4.2196476374074054E+022
         280   4.1165711131036971E+022
         281   4.0162621143207299E+022
         282   3.9186417475817065E+022
         283   3.8236379907779384E+022
         284   3.7311804022816330E+022
         285   3.6411949749622660E+022
         286   3.5536021301137722E+022
         287   3.4683203586029670E+022
         288   3.3852731725081580E+022
         289   3.3043932350772247E+022
         290   3.2256227363620324E+022
         291   3.1489064036785568E+022
         292   3.0741839206983487E+022
         293   3.0013910076890645E+022
         294   2.9304658349570247E+022
         295   2.8613571141504065E+022
         296   2.7940220020171391E+022
         297   2.7284183460478267E+022
         298   2.6644896272798659E+022
         299   2.6021736648090543E+022
         300   2.5414159731486834E+022
         301   2.4821825808937551E+022
         302   2.4244428808404563E+022
         303   2.3681586180480389E+022
         304   2.3132830128811366E+022
         305   2.2597723286390671E+022
         306   2.2075874540547543E+022
         307   2.1566916726437070E+022
         308   2.1070512397742103E+022
         309   2.0586364572305736E+022
         310   2.0114152925349804E+022
         311   1.9653515183580152E+022
         312   1.9204072547507136E+022
         313   1.8765521338500228E+022
         314   1.8337615282429630E+022
         315   1.7920123170397700E+022
         316   1.7512762555135057E+022
         317   1.7115227662152672E+022
         318   1.6727228925817966E+022
         319   1.6348539970599927E+022
         320   1.5978957708041801E+022
         321   1.5618261713363902E+022
         322   1.5266172029276214E+022
         323   1.4922403814992524E+022
         324   1.4586711888837707E+022
         325   1.4258938858337812E+022
         326   1.3938959123221018E+022
         327   1.3626626979561434E+022
         328   1.3321727698419344E+022
         329   1.3024010434282619E+022
         330   1.2733236635869865E+022
         331   1.2449205280574991E+022
         332   1.2171751152190304E+022
         333   1.1900723450772625E+022
         334   1.1635990477941768E+022
         335   1.1377430654768929E+022
         336   1.1124916558334509E+022
         337   1.0878297360295686E+022
         338   1.0637395274034668E+022
         339   1.0402032294092515E+022
         340   1.0172050284625596E+022
         341   9.9473354893306941E+021
         342   9.7277854857014196E+021
         343   9.5132916277195907E+021
         344   9.3037205786799353E+021
         345   9.0989388402088739E+021
         346   8.8988222983690613E+021
         347   8.7032624805939176E+021
         348   8.5121552543672508E+021
         349   8.3253969552266368E+021
         350   8.1428758733580812E+021
         351   7.9644813507629941E+021
         352   7.7901091030150456E+021
         353   7.6196652219270672E+021
         354   7.4530604157527969E+021
         355   7.2902042652957664E+021
         356   7.1310108737489621E+021
         357   6.9754002928577607E+021
         358   6.8232936422310171E+021
         359   6.6746034818849765E+021
         360   6.5292298301901384E+021
         361   6.3870816474015015E+021
         362   6.2480841021879107E+021
         363   6.1121835463949083E+021
         364   5.9793225837626031E+021
         365   5.8494323632121043E+021
         366   5.7224297605614598E+021
         367   5.5982346175692270E+021
         368   5.4767758458399553E+021
         369   5.3579890439084227E+021
         370   5.2418107766318238E+021
         371   5.1281772250231566E+021
         372   5.0170360453985741E+021
         373   4.9083509249476437E+021
         374   4.8020879559699076E+021
         375   4.6981991794260574E+021
         376   4.5966051925511818E+021
         377   4.4972258147595673E+021
         378   4.3999907236004359E+021
         379   4.3048537235887332E+021
         380   4.2117715217396112E+021
         381   4.1206985228965931E+021
         382   4.0315982863899511E+021
         383   3.9444443365708640E+021
         384   3.8592128267398656E+021
         385   3.7758646680732309E+021
         386   3.6943436113600745E+021
         387   3.6145948795297501E+021
         388   3.5365718698111135E+021
         389   3.4602396489926317E+021
         390   3.3855649382244606E+021
         391   3.3125131947346651E+021
         392   3.2410427332521943E+021
         393   3.1711072400970655E+021
         394   3.1026586577581496E+021
         395   3.0356586315997265E+021
         396   2.9700799945344916E+021
         397   2.9059010769905999E+021
         398   2.8430988914854115E+021
         399   2.7816436336917977E+021
         400   2.7215032584033309E+021
         401   2.6626450436178811E+021
         402   2.6050380939374232E+021
         403   2.5486549637124331E+021
         404   2.4934707808155583E+021
         405   2.4394626163179053E+021
         406   2.3866054262260540E+021
         407   2.3348717779867693E+021
         408   2.2842330778581153E+021
         409   2.2346624271374670E+021
         410   2.1861361666576202E+021
         411   2.1386330273177078E+021
         412   2.0921318957373265E+021
         413   2.0466103843312569E+021
         414   2.0020452571535599E+021
         415   1.9584137612404762E+021
         416   1.9156935745889108E+021
         417   1.8738626425750311E+021
         418   1.8329008103464860E+021
         419   1.7927906377147500E+021
         420   1.7535154359375380E+021
         421   1.7150579892487481E+021
         422   1.6774006002894006E+021
         423   1.6405261239396847E+021
         424   1.6044181812063400E+021
         425   1.5690575040451778E+021
         426   1.5344240477888971E+021
         427   1.5004990311848212E+021
         428   1.4672667637065937E+021
         429   1.4347144087509420E+021
         430   1.4028282493507490E+021
         431   1.3715939186026217E+021
         432   1.3409968667215654E+021
         433   1.3110233355049627E+021
         434   1.2816600337261472E+021
         435   1.2528939562316220E+021
         436   1.2247127738095756E+021
         437   1.1971050031964763E+021
         438   1.1700591430488655E+021
         439   1.1435609303771048E+021
         440   1.1175957968213103E+021
         441   1.0921498301407541E+021
         442   1.0672125826662135E+021
         443   1.0427762487528716E+021
         444   1.0188328588774345E+021
         445   9.9537396053540196E+020
         446   9.7239021719824040E+020
         447   9.4987256654770025E+020
         448   9.2781232245817265E+020
         449   9.0619986949716115E+020
         450   8.8502481062721421E+020
         451   8.6427729735374537E+020
         452   8.4394809495489452E+020
         453   8.2402860933535551E+020
         454   8.0451058074908295E+020
         455   7.8538609024337720E+020
         456   7.6664890926762374E+020
         457   7.4829471530238843E+020
         458   7.3031901467601509E+020
         459   7.1271670432298775E+020
         460   6.9548054503611970E+020
         461   6.7860289645628188E+020
         462   6.6207674019013145E+020
         463   6.4589500625413905E+020
         464   6.3004968008549584E+020
         465   6.1453269571925010E+020
         466   5.9933636249757693E+020
         467   5.8445610465891254E+020
         468   5.6988917816364709E+020
         469   5.5563263365554746E+020
         470   5.4168256942331973E+020
         471   5.2803305199642568E+020
         472   5.1467793337854755E+020
         473   5.0161115178897565E+020
         474   4.8882622965093486E+020
         475   4.7631640131316541E+020
         476   4.6407494646923932E+020
         477   4.5209573017185013E+020
         478   4.4037351922673962E+020
         479   4.2890281062864375E+020
         480   4.1767794752982044E+020
         481   4.0669464548254397E+020
         482   3.9594927405052271E+020
         483   3.8543815720676924E+020
         484   3.7515472703932137E+020
         485   3.6509014790755307E+020
         486   3.5523544273250766E+020
         487   3.4558377306041568E+020
         488   3.3613060938264288E+020
         489   3.2687122389696813E+020
         490   3.1779985862892546E+020
         491   3.0890973093841148E+020
         492   3.0019415683350390E+020
         493   2.9164713118731649E+020
         494   2.8326343499041964E+020
         495   2.7503786231691821E+020
         496   2.6696362296782088E+020
         497   2.5903237897948686E+020
         498   2.5220141892603983E+020
         499   2.4642744143767834E+020
         500   2.3978367578014738E+020
         501   2.3323097865375243E+020
         502   2.2768902819343119E+020
         503   2.2130671663979807E+020
         504   2.1455894425478542E+020
         505   2.0922169610076098E+020
         506   2.0395011763054582E+020
         507   1.9829407480651671E+020
         508   1.9397950405347702E+020
         509   1.8960238618078908E+020
         510   1.8493068498361120E+020
         511   1.8082982814637457E+020
         512   1.7665455954368800E+020
         513   1.7270769431134647E+020
         514   1.6858654963982811E+020
         515   1.6387966680976166E+020
         516   1.5940485029765562E+020
         517   1.5536457786345338E+020
         518   1.5134662241651150E+020
         519   1.4734941645358272E+020
         520   1.4367392934047582E+020
         521   1.3990968355293176E+020
         522   1.3630278996340058E+020
         523   1.3237609310113887E+020
         524   1.2859868452383677E+020
         525   1.2586980500923733E+020
         526   1.2295102808162776E+020
         527   1.1945154904321073E+020
         528   1.1596156350036669E+020
         529   1.1248196510281350E+020
         530   1.0939047775258647E+020
         531   1.0640083082622106E+020
         532   1.0326786008321216E+020
         533   1.0066686212262473E+020
         534   9.7779645948186870E+019
         535   9.4987374060447728E+019
         536   9.2624773093951308E+019
         537   9.0556109211785314E+019
         538   8.8777514517400191E+019
         539   8.6318407138470740E+019
         540   8.3759746376630108E+019
         541   8.1442698688202637E+019
         542   7.9221946841703023E+019
         543   7.7091530677636661E+019
         544   7.5003287893317222E+019
         545   7.3083281952275268E+019
         546   7.0597078972809552E+019
         547   6.8424395733792334E+019
         548   6.6856096754727985E+019
         549   6.5090238767588082E+019
         550   6.3120914643292389E+019
         551   6.1143290979164398E+019
         552   5.9161342715246289E+019
         553   5.7167066250598269E+019
         554   5.5561623872368296E+019
         555   5.3950244448902341E+019
         556   5.2336261516204777E+019
         557   5.0920499577744720E+019
         558   4.9292950601178202E+019
         559   4.7862253326477550E+019
         560   4.6632364184323310E+019
         561   4.5185220378889454E+019
         562   4.3940864189652443E+019
         563   4.2683709162599293E+019
         564   4.1211046515249471E+019
         565   3.9944438896606134E+019
         566   3.8776998861159391E+019
         567   3.7712276214971048E+019
         568   3.6315061215168926E+019
         569   3.5015233700740002E+019
         570   3.4034260446174376E+019
         571   3.2935112157564977E+019
         572   3.2046035036808229E+019
         573   3.1152395659148173E+019
         574   3.0144625829538017E+019
         575   2.9124925673208607E+019
         576   2.7980428912849814E+019
         577   2.7058847589740843E+019
         578   2.6361842346921771E+019
         579   2.5544780768733123E+019
         580   2.4723405714283188E+019
         581   2.4010170480537723E+019
         582   2.3288964696078205E+019
         583   2.2682506207103590E+019
         584   2.2073520566371889E+019
         585   2.1464594969792766E+019
         586   2.0850554154432086E+019
         587   2.0231460636144321E+019
         588   1.9603661393667523E+019
         589   1.9033749039416791E+019
         590   1.8519933691897684E+019
         591   1.7940206694437140E+019
         592   1.7422882725271994E+019
         593   1.6900524079438166E+019
         594   1.6373015151669787E+019
         595   1.5775485547663147E+019
         596   1.5241419944690631E+019
         597   1.4835910961391471E+019
         598   1.4426381729209094E+019
         599   1.3944564800531718E+019
         600   1.3460470669105699E+019
         601   1.3042110644948187E+019
         602   1.2690731606482362E+019
         603   1.2335777994562871E+019
         604   1.1978629542671528E+019
         605   1.1617381439191179E+019
         606   1.1216433578953843E+019
         607   1.0847425124566585E+019
         608   1.0549457041338550E+019
         609   1.0247758192342434E+019
         610   9.9055430274917581E+018
         611   9.5981319701169664E+018
         612   9.2890868290794639E+018
         613   9.0183996987453952E+018
         614   8.7853120505540987E+018
         615   8.5503633870823045E+018
         616   8.3133085956380385E+018
         617   8.0739461840609208E+018
         618   7.8322156667032617E+018
         619   7.6291928894511862E+018
         620   7.4242039011654267E+018
         621   7.2181331273105306E+018
         622   7.0101092756457359E+018
         623   6.8009864177461207E+018
         624   6.5908375727099750E+018
         625   6.3800994784663910E+018
         626   6.1667275098046444E+018
         627   5.9296914682448579E+018
         628   5.7113940667224586E+018
         629   5.5353069754000292E+018
         630   5.3572965581168732E+018
         631   5.1784494620520847E+018
         632   5.0431189717904978E+018
         633   4.9068632364327455E+018
         634   4.7695954706067661E+018
         635   4.6078790139284644E+018
         636   4.4447262555010990E+018
         637   4.3032576488682634E+018
         638   4.1844611188174249E+018
         639   4.0645768843026862E+018
         640   3.9441899555165752E+018
         641   3.8408041993148447E+018
         642   3.7239234979177001E+018
         643   3.5996481610152248E+018
         644   3.4900056007327498E+018
         645   3.3951378105601157E+018
         646   3.2994853039481477E+018
         647   3.2030435102269532E+018
         648   3.1058427329265388E+018
         649   2.9914580734884844E+018
         650   2.8930127733039980E+018
         651   2.8114244805664804E+018
         652   2.7144897757033114E+018
         653   2.6336045882512015E+018
         654   2.5518135528510290E+018
         655   2.4694669782718766E+018
         656   2.3861803588679168E+018
         657   2.3024118085820180E+018
         658   2.2348413917758323E+018
         659   2.1668683527384044E+018
         660   2.0984604180544120E+018
         661   2.0382290092384428E+018
         662   1.9861901797101837E+018
         663   1.9249404653416154E+018
         664   1.8721375720499727E+018
         665   1.8187525760716851E+018
         666   1.7651837013970079E+018
         667   1.7110568781491456E+018
         668   1.6568002111379318E+018
         669   1.6111863837974052E+018
         670   1.5561595716609226E+018
         671   1.5100152288547587E+018
         672   1.4633920923282506E+018
         673   1.4164631484894246E+018
         674   1.3785667014709883E+018
         675   1.3307752318833905E+018
         676   1.2827554607958362E+018
         677   1.2440423655274391E+018
         678   1.2050996478037240E+018
         679   1.1658976718545559E+018
         680   1.1263960253843116E+018
         681   1.0865422976160614E+018
         682   1.0462879860737116E+018
         683   1.0158853692982441E+018
         684   9.9031601313186010E+017
         685   9.5949217291591104E+017
         686   9.2327057153262234E+017
         687   8.9211438067513190E+017
         688   8.6588594373305280E+017
         689   8.3420064433663104E+017
         690   8.0759713524007296E+017
         691   7.8069440490433280E+017
         692   7.5363330287816346E+017
         693   7.3180115963860979E+017
         694   7.0430137808777331E+017
         695   6.7949005041627354E+017
         696   6.6281328907432499E+017
         697   6.4322446529496589E+017
         698   6.2068120700818598E+017
         699   5.9793129484337626E+017
         700   5.7496576610443731E+017
         701   5.5472019869477491E+017
         702   5.3723158776478490E+017
         703   5.1667816140324058E+017
         704   4.9602715849345562E+017
         705   4.7815765728985517E+017
         706   4.5829520022073958E+017
         707   4.4009993371236467E+017
         708   4.2539088888079117E+017
         709   4.0807364804106266E+017
         710   3.9067102091811418E+017
         711   3.7562419464763206E+017
         712   3.6045682361678330E+017
         713   3.4514015373486720E+017
         714   3.3227477259978643E+017
         715   3.2188101066119469E+017
         716   3.0876555297891840E+017
         717   2.9560788024065261E+017
         718   2.8498320026774365E+017
         719   2.7428454127507293E+017
         720   2.6622788646692627E+017
         721   2.5806930375759309E+017
         722   2.4852227038988070E+017
         723   2.4026406969690762E+017
         724   2.3195310330120992E+017
         725   2.2359386390963088E+017
         726   2.1518595087734003E+017
         727   2.0815598685174480E+017
         728   2.0104990512693574E+017
         729   1.9393948627229562E+017
         730   1.8820235029471267E+017
         731   1.8243721613441565E+017
         732   1.7664674482145226E+017
         733   1.7230745858594896E+017
         734   1.6792186827169286E+017
         735   1.6208737574868074E+017
         736   1.5772837549835120E+017
         737   1.5331630871336586E+017
         738   1.4895789677837146E+017
         739   1.4529099883457142E+017
         740   1.4202823805778152E+017
         741   1.3984466278047203E+017
         742   1.3655725889249854E+017
         743   1.3223617725676653E+017
         744   1.2870089828072318E+017
         745   1.2625187003570141E+017
         746   1.2417270258108283E+017
         747   1.2212581247582446E+017
         748   1.2011919168122944E+017
         749   1.1816285986618138E+017
         750   1.1665620199002406E+017
         751   1.1535916112257458E+017
         752   1.1369467781961998E+017
         753   1.1238253321715800E+017
         754   1.1153879013078205E+017
         755   1.1073923762523408E+017
         756   1.0960082021338712E+017
         757   1.0865892397031006E+017
         758   1.0808446196497379E+017
         759   1.0756774054654200E+017
         760   1.0696982864190298E+017
         761   1.0638251418054429E+017
         762   1.0597830958717323E+017
         763   1.0552764683358419E+017
         764   1.0497804965572384E+017
         765   1.0456893082448272E+017
         766   1.0389111616894590E+017
         767   1.0282808193958968E+017
         768   1.0191245338583144E+017
         769   1.0126022878809366E+017
         770   1.0022108945616562E+017
         771   98693882998695776.     
         772   97026032398950256.     
         773   94997753509560368.     
         774   93049819077553600.     
         775   91264825725108368.     
         776   89124108521757424.     
         777   87450447337957504.     
         778   85735193308060064.     
         779   83665987759081904.     
         780   81844962077518576.     
         781   79667745054525696.     
         782   77430706867760896.     
         783   75603402701420800.     
         784   73128961032976480.     
         785   70414937334201632.     
         786   68749466269900424.     
         787   67628415615449368.     
         788   66837901868308632.     
