           1  -7.9619924206587396E+019
           2  -1.9811513985681395E+020
           3  -7.1084793761780321E+020
           4  -1.6922673608794062E+021
           5  -3.2914152742908933E+021
           6  -5.6554110681269823E+021
           7  -8.9301227423460575E+021
           8  -1.3250329105879502E+022
           9  -1.8745615476303638E+022
          10  -2.5542009410836001E+022
          11  -3.3760875887849923E+022
          12  -4.3516868590021535E+022
          13  -5.4919751085090021E+022
          14  -6.8059194666317922E+022
          15  -8.3025158909212915E+022
          16  -9.9901003162198716E+022
          17  -1.1874845380991289E+023
          18  -1.3965494052855728E+023
          19  -1.6268224022160240E+023
          20  -1.8783908585172907E+023
          21  -2.1516814504512158E+023
          22  -2.4472956898423218E+023
          23  -2.7652074393126981E+023
          24  -3.1055002767739957E+023
          25  -3.4682455115062032E+023
          26  -3.8532134851352997E+023
          27  -4.2601712257006151E+023
          28  -4.6889445058801416E+023
          29  -5.1392813095332487E+023
          30  -5.6108790960015966E+023
          31  -6.1028262951574113E+023
          32  -6.6146627745249517E+023
          33  -7.1458097838536663E+023
          34  -7.6948969476138001E+023
          35  -8.2611998000989320E+023
          36  -8.8439615839930067E+023
          37  -9.4423667579643502E+023
          38  -1.0055559705339016E+024
          39  -1.0681912961241191E+024
          40  -1.1320486687102861E+024
          41  -1.1970262702574381E+024
          42  -1.2629421999742210E+024
          43  -1.3297722401773770E+024
          44  -1.3974080399149002E+024
          45  -1.4655672597213453E+024
          46  -1.5341131732988070E+024
          47  -1.6030196778944688E+024
          48  -1.6720791142313834E+024
          49  -1.7411786431674467E+024
          50  -1.8102258802262661E+024
          51  -1.8789856963376694E+024
          52  -1.9473192848616411E+024
          53  -2.0151385064305596E+024
          54  -2.0823349133122356E+024
          55  -2.1487793209717496E+024
          56  -2.2143922706324403E+024
          57  -2.2789652575153258E+024
          58  -2.3422683638455857E+024
          59  -2.4043177047868026E+024
          60  -2.4650460830209352E+024
          61  -2.5242571314967664E+024
          62  -2.5818491671928370E+024
          63  -2.6377469698362733E+024
          64  -2.6917651581979295E+024
          65  -2.7438395858319463E+024
          66  -2.7939103106152034E+024
          67  -2.8418081053292623E+024
          68  -2.8875846811749413E+024
          69  -2.9311979238320574E+024
          70  -2.9725127451210694E+024
          71  -3.0114991885865159E+024
          72  -3.0480173559856462E+024
          73  -3.0820362037197119E+024
          74  -3.1135447273557235E+024
          75  -3.1425494060506407E+024
          76  -3.1690401487185243E+024
          77  -3.1929092148317479E+024
          78  -3.2141708055139292E+024
          79  -3.2328424917228887E+024
          80  -3.2489489195730412E+024
          81  -3.2624083939436630E+024
          82  -3.2732561434217068E+024
          83  -3.2815320510876444E+024
          84  -3.2872801212768104E+024
          85  -3.2905487741513505E+024
          86  -3.2912865140805133E+024
          87  -3.2895517726023041E+024
          88  -3.2853053761426453E+024
          89  -3.2786144736911603E+024
          90  -3.2695541386403994E+024
          91  -3.2581931213911627E+024
          92  -3.2446094330326638E+024
          93  -3.2287919493711385E+024
          94  -3.2108253571755617E+024
          95  -3.1907876800218044E+024
          96  -3.1687655054378521E+024
          97  -3.1447679861259477E+024
          98  -3.1188862893960702E+024
          99  -3.0912154525120636E+024
         100  -3.0617655400393979E+024
         101  -3.0306210726168513E+024
         102  -2.9978784084200312E+024
         103  -2.9636463244328322E+024
         104  -2.9280209327797471E+024
         105  -2.8910971683531809E+024
         106  -2.8528979393599264E+024
         107  -2.8135180308331757E+024
         108  -2.7730542213348623E+024
         109  -2.7315982581632644E+024
         110  -2.6892436265944487E+024
         111  -2.6460155982085196E+024
         112  -2.6020048597623173E+024
         113  -2.5573008903122247E+024
         114  -2.5119903987414111E+024
         115  -2.4661577400896125E+024
         116  -2.4198847345261771E+024
         117  -2.3731971907658824E+024
         118  -2.3261736879305873E+024
         119  -2.2789424218466964E+024
         120  -2.2315261571490351E+024
         121  -2.1839477815334937E+024
         122  -2.1363238466627741E+024
         123  -2.0887212136880156E+024
         124  -2.0411583810155676E+024
         125  -1.9936975213846172E+024
         126  -1.9463978145207403E+024
         127  -1.8993160478562871E+024
         128  -1.8525060558860061E+024
         129  -1.8060020007290627E+024
         130  -1.7598523375721157E+024
         131  -1.7141191777697265E+024
         132  -1.6688111530783115E+024
         133  -1.6239681027213921E+024
         134  -1.5796298664096990E+024
         135  -1.5358018224832755E+024
         136  -1.4925477572115829E+024
         137  -1.4498988283118006E+024
         138  -1.4078551467462220E+024
         139  -1.3664441424769977E+024
         140  -1.3256907493865853E+024
         141  -1.2856174656027808E+024
         142  -1.2462440447462810E+024
         143  -1.2075884150068720E+024
         144  -1.1696628445123359E+024
         145  -1.1324815015646849E+024
         146  -1.0960600099237073E+024
         147  -1.0603891431946617E+024
         148  -1.0254774242499712E+024
         149  -9.9135006782705689E+023
         150  -9.5799509970589991E+023
         151  -9.2540030938079797E+023
         152  -8.9358454085671882E+023
         153  -8.6254949862160883E+023
         154  -8.3228047141537866E+023
         155  -8.0277698337064308E+023
         156  -7.7404983038261546E+023
         157  -7.4609544018317416E+023
         158  -7.1889654490464989E+023
         159  -6.9244797849003177E+023
         160  -6.6674358276647257E+023
         161  -6.4177628013343486E+023
         162  -6.1752877369078708E+023
         163  -5.9399276657136611E+023
         164  -5.7116880130089525E+023
         165  -5.4904259156752333E+023
         166  -5.2759536038635365E+023
         167  -5.0681967996753212E+023
         168  -4.8671135590704458E+023
         169  -4.6725156208634386E+023
         170  -4.4842817669074906E+023
         171  -4.3022936697733818E+023
         172  -4.1264233772992406E+023
         173  -3.9565462462871533E+023
         174  -3.7925245435289657E+023
         175  -3.6342294796170347E+023
         176  -3.4814752139415345E+023
         177  -3.3341806482099681E+023
         178  -3.1922150681661946E+023
         179  -3.0553926072395684E+023
         180  -2.9235824913207606E+023
         181  -2.7966917869387148E+023
         182  -2.6745889997258030E+023
         183  -2.5571048432780083E+023
         184  -2.4441095614177808E+023
         185  -2.3354683802533278E+023
         186  -2.2310546464054060E+023
         187  -2.1307431159367985E+023
         188  -2.0344094815035610E+023
         189  -1.9419304376810412E+023
         190  -1.8531799755578015E+023
         191  -1.7680384455793341E+023
         192  -1.6863888106731191E+023
         193  -1.6081117698446572E+023
         194  -1.5330745240378194E+023
         195  -1.4611717302315103E+023
         196  -1.3923110557876267E+023
         197  -1.3263824625400182E+023
         198  -1.2632853221272083E+023
         199  -1.2029036863854075E+023
         200  -1.1451358455040141E+023
         201  -1.0899001965309543E+023
         202  -1.0370872889620809E+023
         203  -9.8660628279576265E+022
         204  -9.3838408651439000E+022
         205  -8.9232081185864675E+022
         206  -8.4833021477210139E+022
         207  -8.0634418744215948E+022
         208  -7.6627427634182816E+022
         209  -7.2804164410073323E+022
         210  -6.9157329960889519E+022
         211  -6.5679548106315217E+022
         212  -6.2364670441806753E+022
         213  -5.9205489489595995E+022
         214  -5.6195324422641351E+022
         215  -5.3327774295254406E+022
         216  -5.0596963053480928E+022
         217  -4.7997119300425344E+022
         218  -4.5522440756798249E+022
         219  -4.3167575337732657E+022
         220  -4.0927127894216233E+022
         221  -3.8796109662423473E+022
         222  -3.6769696612307431E+022
         223  -3.4843243951511807E+022
         224  -3.3012263429183285E+022
         225  -3.1272361501518301E+022
         226  -2.9619089305781523E+022
         227  -2.8048806455382314E+022
         228  -2.6557720721418806E+022
         229  -2.5142158654589056E+022
         230  -2.3798538171856473E+022
         231  -2.2523479440516429E+022
         232  -2.1313779384580177E+022
         233  -2.0166134601284231E+022
         234  -1.9077800795978173E+022
         235  -1.8045882736123673E+022
         236  -1.7067658255735802E+022
         237  -1.6140552695546437E+022
         238  -1.5262016630364616E+022
         239  -1.4429680484215402E+022
         240  -1.3641146405211561E+022
         241  -1.2894391790439519E+022
         242  -1.2187357320863644E+022
         243  -1.1518005624859297E+022
         244  -1.0884467378201203E+022
         245  -1.0284939480994566E+022
         246  -9.7177129558692415E+021
         247  -9.1810282015699879E+021
         248  -8.6734151331532432E+021
         249  -8.1934338994541072E+021
         250  -7.7396261657014782E+021
         251  -7.3106167749210286E+021
         252  -6.9051241417581401E+021
         253  -6.5219330866576737E+021
         254  -6.1598786638295691E+021
         255  -5.8178590747354307E+021
         256  -5.4948193470466889E+021
         257  -5.1897406977158467E+021
         258  -4.9016703273525681E+021
         259  -4.6297103706462114E+021
         260  -4.3729997487616547E+021
         261  -4.1307289453658935E+021
         262  -3.9021038205754016E+021
         263  -3.6863927681519478E+021
         264  -3.4828970575356635E+021
         265  -3.2909689519876195E+021
         266  -3.1099543689121403E+021
         267  -2.9392583121140753E+021
         268  -2.7783194165362489E+021
         269  -2.6266026387191203E+021
         270  -2.4836085030066481E+021
         271  -2.3488379926441063E+021
         272  -2.2218368774321055E+021
         273  -2.1021910160204004E+021
         274  -1.9894762440634338E+021
         275  -1.8833053631985492E+021
         276  -1.7833180978017694E+021
         277  -1.6891559053123550E+021
         278  -1.6004913227922491E+021
         279  -1.5170181042782855E+021
         280  -1.4384496173338893E+021
         281  -1.3645078994420960E+021
         282  -1.2949147987302865E+021
         283  -1.2294177696803717E+021
         284  -1.1677911803252965E+021
         285  -1.1098186102260793E+021
         286  -1.0552858060095297E+021
         287  -1.0039947040532627E+021
         288  -9.5575909395560333E+020
         289  -9.1040225860609599E+020
         290  -8.6775738055206227E+020
         291  -8.2766352786900727E+020
         292  -7.8997280806849780E+020
         293  -7.5454529376608741E+020
         294  -7.2124580712919414E+020
         295  -6.8994984099129105E+020
         296  -6.6054297614512908E+020
         297  -6.3291190725967623E+020
         298  -6.0695209301747329E+020
         299  -5.8256518438141827E+020
         300  -5.5965621702212230E+020
         301  -5.3813789465431323E+020
         302  -5.1792985662205788E+020
         303  -4.9895452258969033E+020
         304  -4.8113653107415974E+020
         305  -4.6440696314564103E+020
         306  -4.4870251562118290E+020
         307  -4.3396047944674214E+020
         308  -4.2012171685881073E+020
         309  -4.0713360940708076E+020
         310  -3.9494384668935789E+020
         311  -3.8350412038664664E+020
         312  -3.7277047329890723E+020
         313  -3.6269933609309812E+020
         314  -3.5325058784064406E+020
         315  -3.4438578435964201E+020
         316  -3.3606943921512009E+020
         317  -3.2826911142724502E+020
         318  -3.2095266925939923E+020
         319  -3.1409133053045932E+020
         320  -3.0765673723754250E+020
         321  -3.0162276098335231E+020
         322  -2.9596551205868490E+020
         323  -2.9066085755345424E+020
         324  -2.8568714058370223E+020
         325  -2.8102456648695202E+020
         326  -2.7665400178485563E+020
         327  -2.7255705696502075E+020
         328  -2.6871689154830179E+020
         329  -2.6511767226368344E+020
         330  -2.6174447310604557E+020
         331  -2.5858333982986630E+020
         332  -2.5562115100381463E+020
         333  -2.5284559620341501E+020
         334  -2.5024479572587613E+020
         335  -2.4780790757713661E+020
         336  -2.4552475191085967E+020
         337  -2.4338576757331159E+020
         338  -2.4138197904316780E+020
         339  -2.3950495943968391E+020
         340  -2.3774679818882348E+020
         341  -2.3610003763659948E+020
         342  -2.3455771120979680E+020
         343  -2.3311315067560024E+020
         344  -2.3176022845239135E+020
         345  -2.3049331714897150E+020
         346  -2.2930688855467495E+020
         347  -2.2819600322526911E+020
         348  -2.2715592126056491E+020
         349  -2.2618198690720199E+020
         350  -2.2527011581573389E+020
         351  -2.2441630983722923E+020
         352  -2.2361689594835354E+020
         353  -2.2286853827111086E+020
         354  -2.2216793000585350E+020
         355  -2.2151210677661067E+020
         356  -2.2089819071165832E+020
         357  -2.2032352341119861E+020
         358  -2.1978565727660461E+020
         359  -2.1928218591505996E+020
         360  -2.1881093408674628E+020
         361  -2.1836985897391371E+020
         362  -2.1795704284326914E+020
         363  -2.1757069443464472E+020
         364  -2.1720913759048060E+020
         365  -2.1687079293293104E+020
         366  -2.1655418274006358E+020
         367  -2.1625789251044249E+020
         368  -2.1598062687669479E+020
         369  -2.1572117596259258E+020
         370  -2.1547840219685483E+020
         371  -2.1525124351336379E+020
         372  -2.1503867777873039E+020
         373  -2.1483977444578502E+020
         374  -2.1465366150861550E+020
         375  -2.1447952469474171E+020
         376  -2.1431659995261547E+020
         377  -2.1416416913055728E+020
         378  -2.1402155982045148E+020
         379  -2.1388814426069621E+020
         380  -2.1376331886489207E+020
         381  -2.1364653372722345E+020
         382  -2.1353728802836146E+020
         383  -2.1343508494250639E+020
         384  -2.1333946155858618E+020
         385  -2.1325000734321777E+020
         386  -2.1316632774213753E+020
         387  -2.1308804189921306E+020
         388  -2.1301480389435526E+020
         389  -2.1294628939932490E+020
         390  -2.1288219521763767E+020
         391  -2.1282223795905331E+020
         392  -2.1276615182445278E+020
         393  -2.1271368873463697E+020
         394  -2.1266460884128199E+020
         395  -2.1261869410954389E+020
         396  -2.1257574221863250E+020
         397  -2.1253556239676152E+020
         398  -2.1249797674121894E+020
         399  -2.1246281327864981E+020
         400  -2.1242992097060261E+020
         401  -2.1239915413899277E+020
         402  -2.1237037165275909E+020
         403  -2.1234344591672158E+020
         404  -2.1231825770295866E+020
         405  -2.1229469523536622E+020
         406  -2.1227265372448034E+020
         407  -2.1225203525708032E+020
         408  -2.1223274558163128E+020
         409  -2.1221469921309508E+020
         410  -2.1219781880159663E+020
         411  -2.1218202691134115E+020
         412  -2.1216725120527525E+020
         413  -2.1215342843295603E+020
         414  -2.1214049746731185E+020
         415  -2.1212839890435241E+020
         416  -2.1211708091124967E+020
         417  -2.1210649339545764E+020
         418  -2.1209658764647311E+020
         419  -2.1208731987786423E+020
         420  -2.1207864911337646E+020
         421  -2.1207053688879543E+020
         422  -2.1206294609703433E+020
         423  -2.1205584322217771E+020
         424  -2.1204919797632487E+020
         425  -2.1204297997228700E+020
         426  -2.1203716170939852E+020
         427  -2.1203171751002610E+020
         428  -2.1202662332329348E+020
         429  -2.1202185670642149E+020
         430  -2.1201739584360248E+020
         431  -2.1201322178730059E+020
         432  -2.1200931616689668E+020
         433  -2.1200566109647582E+020
         434  -2.1200224047857605E+020
         435  -2.1199903926753277E+020
         436  -2.1199604340355678E+020
         437  -2.1199323969351726E+020
         438  -2.1199061536864823E+020
         439  -2.1198815894984642E+020
         440  -2.1198586008217475E+020
         441  -2.1198370827383587E+020
         442  -2.1198169409864548E+020
         443  -2.1197980876592601E+020
         444  -2.1197804400508092E+020
         445  -2.1197639211501955E+020
         446  -2.1197484585359055E+020
         447  -2.1197339848328433E+020
         448  -2.1197204341860162E+020
         449  -2.1197077475490726E+020
         450  -2.1196958696644284E+020
         451  -2.1196847488812191E+020
         452  -2.1196743369280805E+020
         453  -2.1196645886049953E+020
         454  -2.1196554614200464E+020
         455  -2.1196469141704589E+020
         456  -2.1196389099297905E+020
         457  -2.1196314154834228E+020
         458  -2.1196243970094511E+020
         459  -2.1196178242058433E+020
         460  -2.1196116687399096E+020
         461  -2.1196059039431711E+020
         462  -2.1196005050184257E+020
         463  -2.1195954477013461E+020
         464  -2.1195907112420177E+020
         465  -2.1195862752566808E+020
         466  -2.1195821197357954E+020
         467  -2.1195782269139219E+020
         468  -2.1195745801581481E+020
         469  -2.1195711638615323E+020
         470  -2.1195679633982262E+020
         471  -2.1195649650689973E+020
         472  -2.1195621555286409E+020
         473  -2.1195595228119997E+020
         474  -2.1195570562718745E+020
         475  -2.1195547449065554E+020
         476  -2.1195525788928393E+020
         477  -2.1195505490936686E+020
         478  -2.1195486468850536E+020
         479  -2.1195468642249307E+020
         480  -2.1195451935518176E+020
         481  -2.1195436278254630E+020
         482  -2.1195421601073339E+020
         483  -2.1195407842293128E+020
         484  -2.1195394944026296E+020
         485  -2.1195382852289793E+020
         486  -2.1195371516500800E+020
         487  -2.1195360889135576E+020
         488  -2.1195350925666936E+020
         489  -2.1195341584536814E+020
         490  -2.1195332826659321E+020
         491  -2.1195324613603783E+020
         492  -2.1195316911235082E+020
         493  -2.1195309689292712E+020
         494  -2.1195302916179300E+020
         495  -2.1195296563769373E+020
         496  -2.1195290605847026E+020
         497  -2.1195285017746817E+020
         498  -2.1195279776467032E+020
         499  -2.1195274859152838E+020
         500  -2.1195270246724551E+020
         501  -2.1195265920238010E+020
         502  -2.1195261860884886E+020
         503  -2.1195258052058530E+020
         504  -2.1195254478206563E+020
         505  -2.1195251124747315E+020
         506  -2.1195247977995990E+020
         507  -2.1195245025156491E+020
         508  -2.1195242254210531E+020
         509  -2.1195239653875024E+020
         510  -2.1195237212998920E+020
         511  -2.1195234921691742E+020
         512  -2.1195232771287250E+020
         513  -2.1195230752578277E+020
         514  -2.1195228857418609E+020
         515  -2.1195227078236235E+020
         516  -2.1195225407856778E+020
         517  -2.1195223839588981E+020
         518  -2.1195222366765351E+020
         519  -2.1195220983889232E+020
         520  -2.1195219685445901E+020
         521  -2.1195218465917842E+020
         522  -2.1195217320474129E+020
         523  -2.1195216244582328E+020
         524  -2.1195215233988959E+020
         525  -2.1195214284693245E+020
         526  -2.1195213392953324E+020
         527  -2.1195212555261546E+020
         528  -2.1195211768312834E+020
         529  -2.1195211029008692E+020
         530  -2.1195210334446128E+020
         531  -2.1195209681721826E+020
         532  -2.1195209068282148E+020
         533  -2.1195208491757696E+020
         534  -2.1195207949902876E+020
         535  -2.1195207440760842E+020
         536  -2.1195206962208945E+020
         537  -2.1195206512391235E+020
         538  -2.1195206089574659E+020
         539  -2.1195205692002612E+020
         540  -2.1195205318155164E+020
         541  -2.1195204966708367E+020
         542  -2.1195204636314147E+020
         543  -2.1195204325605219E+020
         544  -2.1195204033396834E+020
         545  -2.1195203758578228E+020
         546  -2.1195203500106947E+020
         547  -2.1195203257002639E+020
         548  -2.1195203028343423E+020
         549  -2.1195202813263089E+020
         550  -2.1195202610949335E+020
         551  -2.1195202420638774E+020
         552  -2.1195202241612867E+020
         553  -2.1195202073144230E+020
         554  -2.1195201914601426E+020
         555  -2.1195201765397148E+020
         556  -2.1195201624974108E+020
         557  -2.1195201492854240E+020
         558  -2.1195201368503039E+020
         559  -2.1195201251458348E+020
         560  -2.1195201141289144E+020
         561  -2.1195201037551832E+020
         562  -2.1195200939898457E+020
         563  -2.1195200847970763E+020
         564  -2.1195200761400902E+020
         565  -2.1195200679873292E+020
         566  -2.1195200603116401E+020
         567  -2.1195200530850054E+020
         568  -2.1195200462785374E+020
         569  -2.1195200398675581E+020
         570  -2.1195200338288129E+020
         571  -2.1195200281405299E+020
         572  -2.1195200227821899E+020
         573  -2.1195200177344610E+020
         574  -2.1195200129775177E+020
         575  -2.1195200084943149E+020
         576  -2.1195200042705214E+020
         577  -2.1195200002909798E+020
         578  -2.1195199965400777E+020
         579  -2.1195199930045032E+020
         580  -2.1195199896730265E+020
         581  -2.1195199865326236E+020
         582  -2.1195199835721600E+020
         583  -2.1195199807812777E+020
         584  -2.1195199781501334E+020
         585  -2.1195199756695182E+020
         586  -2.1195199733298168E+020
         587  -2.1195199711237698E+020
         588  -2.1195199690437037E+020
         589  -2.1195199670815605E+020
         590  -2.1195199652305886E+020
         591  -2.1195199634850916E+020
         592  -2.1195199618390327E+020
         593  -2.1195199602860664E+020
         594  -2.1195199588208666E+020
         595  -2.1195199574384198E+020
         596  -2.1195199561339997E+020
         597  -2.1195199549031524E+020
         598  -2.1195199537416857E+020
         599  -2.1195199526456485E+020
         600  -2.1195199516113158E+020
         601  -2.1195199506347832E+020
         602  -2.1195199497127648E+020
         603  -2.1195199488425594E+020
         604  -2.1195199480212249E+020
         605  -2.1195199472456627E+020
         606  -2.1195199465132782E+020
         607  -2.1195199458216575E+020
         608  -2.1195199451684933E+020
         609  -2.1195199445516344E+020
         610  -2.1195199439690252E+020
         611  -2.1195199434187578E+020
         612  -2.1195199428990042E+020
         613  -2.1195199424080629E+020
         614  -2.1195199419443089E+020
         615  -2.1195199415062289E+020
         616  -2.1195199410922009E+020
         617  -2.1195199407008848E+020
         618  -2.1195199403311815E+020
         619  -2.1195199399818933E+020
         620  -2.1195199396517249E+020
         621  -2.1195199393396189E+020
         622  -2.1195199390445755E+020
         623  -2.1195199387656513E+020
         624  -2.1195199385019525E+020
         625  -2.1195199382526371E+020
         626  -2.1195199380169140E+020
         627  -2.1195199377940339E+020
         628  -2.1195199375832878E+020
         629  -2.1195199373840073E+020
         630  -2.1195199371955624E+020
         631  -2.1195199370172727E+020
         632  -2.1195199368485795E+020
         633  -2.1195199366890386E+020
         634  -2.1195199365380758E+020
         635  -2.1195199363952273E+020
         636  -2.1195199362600950E+020
         637  -2.1195199361322254E+020
         638  -2.1195199360112224E+020
         639  -2.1195199358967071E+020
         640  -2.1195199357883213E+020
         641  -2.1195199356857333E+020
         642  -2.1195199355886289E+020
         643  -2.1195199354967065E+020
         644  -2.1195199354096773E+020
         645  -2.1195199353272769E+020
         646  -2.1195199352492566E+020
         647  -2.1195199351753766E+020
         648  -2.1195199351054146E+020
         649  -2.1195199350391564E+020
         650  -2.1195199349763998E+020
         651  -2.1195199349169580E+020
         652  -2.1195199348606501E+020
         653  -2.1195199348073090E+020
         654  -2.1195199347567762E+020
         655  -2.1195199347088975E+020
         656  -2.1195199346635306E+020
         657  -2.1195199346205422E+020
         658  -2.1195199345798018E+020
         659  -2.1195199345411899E+020
         660  -2.1195199345045940E+020
         661  -2.1195199344699061E+020
         662  -2.1195199344370244E+020
         663  -2.1195199344058525E+020
         664  -2.1195199343762984E+020
         665  -2.1195199343482769E+020
         666  -2.1195199343217076E+020
         667  -2.1195199342965129E+020
         668  -2.1195199342726185E+020
         669  -2.1195199342499575E+020
         670  -2.1195199342284646E+020
         671  -2.1195199342080780E+020
         672  -2.1195199341887383E+020
         673  -2.1195199341703915E+020
         674  -2.1195199341529848E+020
         675  -2.1195199341364681E+020
         676  -2.1195199341207952E+020
         677  -2.1195199341059231E+020
         678  -2.1195199340918096E+020
         679  -2.1195199340784153E+020
         680  -2.1195199340657017E+020
         681  -2.1195199340536332E+020
         682  -2.1195199340421769E+020
         683  -2.1195199340313005E+020
         684  -2.1195199340209740E+020
         685  -2.1195199340111692E+020
         686  -2.1195199340018588E+020
         687  -2.1195199339930177E+020
         688  -2.1195199339846219E+020
         689  -2.1195199339766471E+020
         690  -2.1195199339690721E+020
         691  -2.1195199339618773E+020
         692  -2.1195199339550415E+020
         693  -2.1195199339485479E+020
         694  -2.1195199339423783E+020
         695  -2.1195199339365161E+020
         696  -2.1195199339309459E+020
         697  -2.1195199339256519E+020
         698  -2.1195199339206210E+020
         699  -2.1195199339158395E+020
         700  -2.1195199339112946E+020
         701  -2.1195199339069748E+020
         702  -2.1195199339028677E+020
         703  -2.1195199338989634E+020
         704  -2.1195199338952507E+020
         705  -2.1195199338917210E+020
         706  -2.1195199338883645E+020
         707  -2.1195199338851726E+020
         708  -2.1195199338821367E+020
         709  -2.1195199338792498E+020
         710  -2.1195199338765035E+020
         711  -2.1195199338738912E+020
         712  -2.1195199338714061E+020
         713  -2.1195199338690416E+020
         714  -2.1195199338667921E+020
         715  -2.1195199338646513E+020
         716  -2.1195199338626145E+020
         717  -2.1195199338606759E+020
         718  -2.1195199338588314E+020
         719  -2.1195199338570757E+020
         720  -2.1195199338554045E+020
         721  -2.1195199338538133E+020
         722  -2.1195199338522991E+020
         723  -2.1195199338508570E+020
         724  -2.1195199338494843E+020
         725  -2.1195199338481769E+020
         726  -2.1195199338469324E+020
         727  -2.1195199338457468E+020
         728  -2.1195199338446180E+020
         729  -2.1195199338435428E+020
         730  -2.1195199338425185E+020
         731  -2.1195199338415430E+020
         732  -2.1195199338406134E+020
         733  -2.1195199338397280E+020
         734  -2.1195199338388842E+020
         735  -2.1195199338380804E+020
         736  -2.1195199338373143E+020
         737  -2.1195199338365846E+020
         738  -2.1195199338358889E+020
         739  -2.1195199338352260E+020
         740  -2.1195199338345939E+020
         741  -2.1195199338339913E+020
         742  -2.1195199338334169E+020
         743  -2.1195199338328690E+020
         744  -2.1195199338323470E+020
         745  -2.1195199338318496E+020
         746  -2.1195199338313748E+020
         747  -2.1195199338309222E+020
         748  -2.1195199338304904E+020
         749  -2.1195199338300788E+020
         750  -2.1195199338296859E+020
         751  -2.1195199338293114E+020
         752  -2.1195199338289542E+020
         753  -2.1195199338286131E+020
         754  -2.1195199338282877E+020
         755  -2.1195199338279774E+020
         756  -2.1195199338276815E+020
         757  -2.1195199338273987E+020
         758  -2.1195199338271290E+020
         759  -2.1195199338268715E+020
         760  -2.1195199338266260E+020
         761  -2.1195199338263914E+020
         762  -2.1195199338261676E+020
         763  -2.1195199338259540E+020
         764  -2.1195199338257501E+020
         765  -2.1195199338255555E+020
         766  -2.1195199338253694E+020
         767  -2.1195199338251914E+020
         768  -2.1195199338250217E+020
         769  -2.1195199338248595E+020
         770  -2.1195199338247048E+020
         771  -2.1195199338245571E+020
         772  -2.1195199338244155E+020
         773  -2.1195199338242808E+020
         774  -2.1195199338241520E+020
         775  -2.1195199338240288E+020
         776  -2.1195199338239115E+020
         777  -2.1195199338237988E+020
         778  -2.1195199338236917E+020
         779  -2.1195199338235891E+020
         780  -2.1195199338234911E+020
         781  -2.1195199338233971E+020
         782  -2.1195199338233073E+020
         783  -2.1195199338232218E+020
         784  -2.1195199338231398E+020
         785  -2.1195199338230615E+020
         786  -2.1195199338229865E+020
         787  -2.1195199338229147E+020
         788  -2.1195199338228462E+020
         789  -2.1195199338227807E+020
         790  -2.1195199338227184E+020
         791  -2.1195199338226585E+020
         792  -2.1195199338226008E+020
         793  -2.1195199338225461E+020
         794  -2.1195199338224937E+020
         795  -2.1195199338224432E+020
         796  -2.1195199338223950E+020
         797  -2.1195199338223491E+020
         798  -2.1195199338223052E+020
         799  -2.1195199338222633E+020
         800  -2.1195199338222230E+020
         801  -2.1195199338221847E+020
         802  -2.1195199338221476E+020
         803  -2.1195199338221122E+020
         804  -2.1195199338220788E+020
         805  -2.1195199338220464E+020
         806  -2.1195199338220152E+020
         807  -2.1195199338219858E+020
         808  -2.1195199338219572E+020
         809  -2.1195199338219297E+020
         810  -2.1195199338219038E+020
         811  -2.1195199338218789E+020
         812  -2.1195199338218550E+020
         813  -2.1195199338218324E+020
         814  -2.1195199338218104E+020
         815  -2.1195199338217898E+020
         816  -2.1195199338217695E+020
         817  -2.1195199338217501E+020
         818  -2.1195199338217315E+020
         819  -2.1195199338217141E+020
         820  -2.1195199338216971E+020
         821  -2.1195199338216807E+020
         822  -2.1195199338216650E+020
         823  -2.1195199338216502E+020
         824  -2.1195199338216358E+020
         825  -2.1195199338216220E+020
         826  -2.1195199338216086E+020
         827  -2.1195199338215961E+020
         828  -2.1195199338215840E+020
         829  -2.1195199338215725E+020
         830  -2.1195199338215611E+020
         831  -2.1195199338215506E+020
         832  -2.1195199338215404E+020
         833  -2.1195199338215306E+020
         834  -2.1195199338215214E+020
         835  -2.1195199338215126E+020
         836  -2.1195199338215037E+020
         837  -2.1195199338214955E+020
         838  -2.1195199338214873E+020
         839  -2.1195199338214798E+020
         840  -2.1195199338214723E+020
         841  -2.1195199338214654E+020
         842  -2.1195199338214585E+020
         843  -2.1195199338214520E+020
         844  -2.1195199338214461E+020
         845  -2.1195199338214398E+020
         846  -2.1195199338214339E+020
         847  -2.1195199338214287E+020
         848  -2.1195199338214235E+020
         849  -2.1195199338214182E+020
         850  -2.1195199338214136E+020
         851  -2.1195199338214087E+020
         852  -2.1195199338214041E+020
         853  -2.1195199338214002E+020
         854  -2.1195199338213959E+020
         855  -2.1195199338213920E+020
         856  -2.1195199338213881E+020
         857  -2.1195199338213848E+020
         858  -2.1195199338213812E+020
         859  -2.1195199338213779E+020
         860  -2.1195199338213746E+020
         861  -2.1195199338213714E+020
         862  -2.1195199338213687E+020
         863  -2.1195199338213658E+020
         864  -2.1195199338213628E+020
         865  -2.1195199338213602E+020
         866  -2.1195199338213576E+020
         867  -2.1195199338213550E+020
         868  -2.1195199338213527E+020
         869  -2.1195199338213507E+020
         870  -2.1195199338213484E+020
         871  -2.1195199338213464E+020
         872  -2.1195199338213445E+020
         873  -2.1195199338213425E+020
         874  -2.1195199338213405E+020
         875  -2.1195199338213386E+020
         876  -2.1195199338213369E+020
         877  -2.1195199338213356E+020
         878  -2.1195199338213340E+020
         879  -2.1195199338213324E+020
         880  -2.1195199338213307E+020
         881  -2.1195199338213294E+020
         882  -2.1195199338213281E+020
         883  -2.1195199338213268E+020
         884  -2.1195199338213255E+020
         885  -2.1195199338213242E+020
         886  -2.1195199338213229E+020
         887  -2.1195199338213219E+020
         888  -2.1195199338213209E+020
         889  -2.1195199338213199E+020
         890  -2.1195199338213192E+020
         891  -2.1195199338213183E+020
         892  -2.1195199338213173E+020
         893  -2.1195199338213163E+020
         894  -2.1195199338213153E+020
         895  -2.1195199338213143E+020
         896  -2.1195199338213137E+020
         897  -2.1195199338213130E+020
         898  -2.1195199338213124E+020
         899  -2.1195199338213117E+020
         900  -2.1195199338213111E+020
         901  -2.1195199338213104E+020
         902  -2.1195199338213097E+020
         903  -2.1195199338213091E+020
         904  -2.1195199338213084E+020
         905  -2.1195199338213078E+020
         906  -2.1195199338213071E+020
         907  -2.1195199338213065E+020
         908  -2.1195199338213058E+020
         909  -2.1195199338213052E+020
         910  -2.1195199338213048E+020
         911  -2.1195199338213045E+020
         912  -2.1195199338213042E+020
         913  -2.1195199338213038E+020
         914  -2.1195199338213035E+020
         915  -2.1195199338213032E+020
         916  -2.1195199338213029E+020
         917  -2.1195199338213025E+020
         918  -2.1195199338213022E+020
         919  -2.1195199338213019E+020
         920  -2.1195199338213019E+020
         921  -2.1195199338213016E+020
         922  -2.1195199338213012E+020
         923  -2.1195199338213009E+020
         924  -2.1195199338213006E+020
         925  -2.1195199338213002E+020
         926  -2.1195199338212999E+020
         927  -2.1195199338212996E+020
         928  -2.1195199338212993E+020
         929  -2.1195199338212989E+020
         930  -2.1195199338212986E+020
         931  -2.1195199338212983E+020
         932  -2.1195199338212980E+020
         933  -2.1195199338212976E+020
         934  -2.1195199338212973E+020
         935  -2.1195199338212970E+020
         936  -2.1195199338212966E+020
         937  -2.1195199338212963E+020
         938  -2.1195199338212960E+020
         939  -2.1195199338212957E+020
         940  -2.1195199338212957E+020
         941  -2.1195199338212957E+020
         942  -2.1195199338212957E+020
         943  -2.1195199338212957E+020
         944  -2.1195199338212957E+020
         945  -2.1195199338212957E+020
         946  -2.1195199338212957E+020
         947  -2.1195199338212957E+020
         948  -2.1195199338212957E+020
         949  -2.1195199338212957E+020
         950  -2.1195199338212957E+020
         951  -2.1195199338212957E+020
         952  -2.1195199338212957E+020
         953  -2.1195199338212957E+020
         954  -2.1195199338212957E+020
         955  -2.1195199338212957E+020
         956  -2.1195199338212957E+020
         957  -2.1195199338212957E+020
         958  -2.1195199338212957E+020
         959  -2.1195199338212957E+020
         960  -2.1195199338212957E+020
         961  -2.1195199338212957E+020
         962  -2.1195199338212957E+020
         963  -2.1195199338212957E+020
         964  -2.1195199338212957E+020
         965  -2.1195199338212957E+020
         966  -2.1195199338212957E+020
         967  -2.1195199338212957E+020
         968  -2.1195199338212957E+020
         969  -2.1195199338212957E+020
         970  -2.1195199338212957E+020
         971  -2.1195199338212957E+020
         972  -2.1195199338212957E+020
         973  -2.1195199338212957E+020
         974  -2.1195199338212957E+020
         975  -2.1195199338212957E+020
         976  -2.1195199338212957E+020
         977  -2.1195199338212957E+020
         978  -2.1195199338212957E+020
         979  -2.1195199338212957E+020
         980  -2.1195199338212957E+020
         981  -2.1195199338212957E+020
         982  -2.1195199338212957E+020
         983  -2.1195199338212957E+020
         984  -2.1195199338212957E+020
         985  -2.1195199338212957E+020
         986  -2.1195199338212957E+020
         987  -2.1195199338212957E+020
         988  -2.1195199338212957E+020
         989  -2.1195199338212957E+020
         990  -2.1195199338212957E+020
         991  -2.1195199338212957E+020
         992  -2.1195199338212957E+020
         993  -2.1195199338212957E+020
         994  -2.1195199338212957E+020
         995  -2.1195199338212957E+020
         996  -2.1195199338212957E+020
         997  -2.1195199338212957E+020
         998  -2.1195199338212957E+020
         999  -2.1195199338212957E+020
        1000  -2.1195199338212957E+020
        1001  -2.1195199338212957E+020
        1002  -2.1195199338212957E+020
        1003  -2.1195199338212957E+020
        1004  -2.1195199338212957E+020
        1005  -2.1195199338212957E+020
        1006  -2.1195199338212957E+020
        1007  -2.1195199338212957E+020
        1008  -2.1195199338212957E+020
        1009  -2.1195199338212957E+020
        1010  -2.1195199338212957E+020
        1011  -2.1195199338212957E+020
        1012  -2.1195199338212957E+020
        1013  -2.1195199338212957E+020
        1014  -2.1195199338212957E+020
        1015  -2.1195199338212957E+020
        1016  -2.1195199338212957E+020
        1017  -2.1195199338212957E+020
        1018  -2.1195199338212957E+020
        1019  -2.1195199338212957E+020
        1020  -2.1195199338212957E+020
        1021  -2.1195199338212957E+020
        1022  -2.1195199338212957E+020
        1023  -2.1195199338212957E+020
        1024  -2.1195199338212957E+020
        1025  -2.1195199338212957E+020
        1026  -2.1195199338212957E+020
        1027  -2.1195199338212957E+020
        1028  -2.1195199338212957E+020
        1029  -2.1195199338212957E+020
        1030  -2.1195199338212957E+020
        1031  -2.1195199338212957E+020
        1032  -2.1195199338212957E+020
        1033  -2.1195199338212957E+020
        1034  -2.1195199338212957E+020
        1035  -2.1195199338212957E+020
        1036  -2.1195199338212957E+020
        1037  -2.1195199338212957E+020
        1038  -2.1195199338212957E+020
        1039  -2.1195199338212957E+020
        1040  -2.1195199338212957E+020
        1041  -2.1195199338212957E+020
        1042  -2.1195199338212957E+020
        1043  -2.1195199338212957E+020
        1044  -2.1195199338212957E+020
        1045  -2.1195199338212957E+020
        1046  -2.1195199338212957E+020
        1047  -2.1195199338212957E+020
        1048  -2.1195199338212957E+020
        1049  -2.1195199338212957E+020
        1050  -2.1195199338212957E+020
        1051  -2.1195199338212957E+020
        1052  -2.1195199338212957E+020
        1053  -2.1195199338212957E+020
        1054  -2.1195199338212957E+020
        1055  -2.1195199338212957E+020
        1056  -2.1195199338212957E+020
        1057  -2.1195199338212957E+020
        1058  -2.1195199338212957E+020
        1059  -2.1195199338212957E+020
        1060  -2.1195199338212957E+020
        1061  -2.1195199338212957E+020
        1062  -2.1195199338212957E+020
        1063  -2.1195199338212957E+020
        1064  -2.1195199338212957E+020
        1065  -2.1195199338212957E+020
        1066  -2.1195199338212957E+020
        1067  -2.1195199338212957E+020
        1068  -2.1195199338212957E+020
        1069  -2.1195199338212957E+020
        1070  -2.1195199338212957E+020
        1071  -2.1195199338212957E+020
        1072  -2.1195199338212957E+020
        1073  -2.1195199338212957E+020
        1074  -2.1195199338212957E+020
        1075  -2.1195199338212957E+020
        1076  -2.1195199338212957E+020
        1077  -2.1195199338212957E+020
        1078  -2.1195199338212957E+020
        1079  -2.1195199338212957E+020
        1080  -2.1195199338212957E+020
        1081  -2.1195199338212957E+020
        1082  -2.1195199338212957E+020
        1083  -2.1195199338212957E+020
        1084  -2.1195199338212957E+020
        1085  -2.1195199338212957E+020
        1086  -2.1195199338212957E+020
        1087  -2.1195199338212957E+020
        1088  -2.1195199338212957E+020
        1089  -2.1195199338212957E+020
        1090  -2.1195199338212957E+020
        1091  -2.1195199338212957E+020
        1092  -2.1195199338212957E+020
        1093  -2.1195199338212957E+020
        1094  -2.1195199338212957E+020
        1095  -2.1195199338212957E+020
        1096  -2.1195199338212957E+020
        1097  -2.1195199338212957E+020
        1098  -2.1195199338212957E+020
        1099  -2.1195199338212957E+020
        1100  -2.1195199338212957E+020
        1101  -2.1195199338212957E+020
        1102  -2.1195199338212957E+020
        1103  -2.1195199338212957E+020
        1104  -2.1195199338212957E+020
        1105  -2.1195199338212957E+020
        1106  -2.1195199338212957E+020
        1107  -2.1195199338212957E+020
        1108  -2.1195199338212957E+020
        1109  -2.1195199338212957E+020
        1110  -2.1195199338212957E+020
        1111  -2.1195199338212957E+020
        1112  -2.1195199338212957E+020
        1113  -2.1195199338212957E+020
        1114  -2.1195199338212957E+020
        1115  -2.1195199338212957E+020
        1116  -2.1195199338212957E+020
        1117  -2.1195199338212957E+020
        1118  -2.1195199338212957E+020
        1119  -2.1195199338212957E+020
        1120  -2.1195199338212957E+020
        1121  -2.1195199338212957E+020
        1122  -2.1195199338212957E+020
        1123  -2.1195199338212957E+020
        1124  -2.1195199338212957E+020
        1125  -2.1195199338212957E+020
        1126  -2.1195199338212957E+020
        1127  -2.1195199338212957E+020
        1128  -2.1195199338212957E+020
        1129  -2.1195199338212957E+020
        1130  -2.1195199338212957E+020
        1131  -2.1195199338212957E+020
        1132  -2.1195199338212957E+020
        1133  -2.1195199338212957E+020
        1134  -2.1195199338212957E+020
        1135  -2.1195199338212957E+020
        1136  -2.1195199338212957E+020
        1137  -2.1195199338212957E+020
        1138  -2.1195199338212957E+020
        1139  -2.1195199338212957E+020
        1140  -2.1195199338212957E+020
        1141  -2.1195199338212957E+020
        1142  -2.1195199338212957E+020
        1143  -2.1195199338212957E+020
        1144  -2.1195199338212957E+020
        1145  -2.1195199338212957E+020
        1146  -2.1195199338212957E+020
        1147  -2.1195199338212957E+020
        1148  -2.1195199338212957E+020
        1149  -2.1195199338212957E+020
        1150  -2.1195199338212957E+020
        1151  -2.1195199338212957E+020
        1152  -2.1195199338212957E+020
        1153  -2.1195199338212957E+020
        1154  -2.1195199338212957E+020
        1155  -2.1195199338212957E+020
        1156  -2.1195199338212957E+020
        1157  -2.1195199338212957E+020
        1158  -2.1195199338212957E+020
        1159  -2.1195199338212957E+020
        1160  -2.1195199338212957E+020
        1161  -2.1195199338212957E+020
        1162  -2.1195199338212957E+020
        1163  -2.1195199338212957E+020
        1164  -2.1195199338212957E+020
        1165  -2.1195199338212957E+020
        1166  -2.1195199338212957E+020
        1167  -2.1195199338212957E+020
        1168  -2.1195199338212957E+020
        1169  -2.1195199338212957E+020
        1170  -2.1195199338212957E+020
        1171  -2.1195199338212957E+020
        1172  -2.1195199338212957E+020
        1173  -2.1195199338212957E+020
        1174  -2.1195199338212957E+020
        1175  -2.1195199338212957E+020
        1176  -2.1195199338212957E+020
        1177  -2.1195199338212957E+020
        1178  -2.1195199338212957E+020
        1179  -2.1195199338212957E+020
        1180  -2.1195199338212957E+020
        1181  -2.1195199338212957E+020
        1182  -2.1195199338212957E+020
        1183  -2.1195199338212957E+020
        1184  -2.1195199338212957E+020
        1185  -2.1195199338212957E+020
        1186  -2.1195199338212957E+020
        1187  -2.1195199338212957E+020
        1188  -2.1195199338212957E+020
        1189  -2.1195199338212957E+020
        1190  -2.1195199338212957E+020
        1191  -2.1195199338212957E+020
        1192  -2.1195199338212957E+020
        1193  -2.1195199338212957E+020
        1194  -2.1195199338212957E+020
        1195  -2.1195199338212957E+020
        1196  -2.1195199338212957E+020
        1197  -2.1195199338212957E+020
        1198  -2.1195199338212957E+020
        1199  -2.1195199338212957E+020
        1200  -2.1195199338212957E+020
        1201  -2.1195199338212957E+020
        1202  -2.1195199338212957E+020
        1203  -2.1195199338212957E+020
        1204  -2.1195199338212957E+020
        1205  -2.1195199338212957E+020
        1206  -2.1195199338212957E+020
        1207  -2.1195199338212957E+020
        1208  -2.1195199338212957E+020
        1209  -2.1195199338212957E+020
        1210  -2.1195199338212957E+020
        1211  -2.1195199338212957E+020
        1212  -2.1195199338212957E+020
        1213  -2.1195199338212957E+020
        1214  -2.1195199338212957E+020
        1215  -2.1195199338212957E+020
        1216  -2.1195199338212957E+020
        1217  -2.1195199338212957E+020
        1218  -2.1195199338212957E+020
        1219  -2.1195199338212957E+020
        1220  -2.1195199338212957E+020
        1221  -2.1195199338212957E+020
        1222  -2.1195199338212957E+020
        1223  -2.1195199338212957E+020
        1224  -2.1195199338212957E+020
        1225  -2.1195199338212957E+020
        1226  -2.1195199338212957E+020
        1227  -2.1195199338212957E+020
        1228  -2.1195199338212957E+020
        1229  -2.1195199338212957E+020
        1230  -2.1195199338212957E+020
        1231  -2.1195199338212957E+020
        1232  -2.1195199338212957E+020
        1233  -2.1195199338212957E+020
        1234  -2.1195199338212957E+020
        1235  -2.1195199338212957E+020
        1236  -2.1195199338212957E+020
        1237  -2.1195199338212957E+020
        1238  -2.1195199338212957E+020
        1239  -2.1195199338212957E+020
        1240  -2.1195199338212957E+020
        1241  -2.1195199338212957E+020
        1242  -2.1195199338212957E+020
        1243  -2.1195199338212957E+020
        1244  -2.1195199338212957E+020
        1245  -2.1195199338212957E+020
        1246  -2.1195199338212957E+020
        1247  -2.1195199338212957E+020
        1248  -2.1195199338212957E+020
        1249  -2.1195199338212957E+020
        1250  -2.1195199338212957E+020
        1251  -2.1195199338212957E+020
        1252  -2.1195199338212957E+020
        1253  -2.1195199338212957E+020
        1254  -2.1195199338212957E+020
        1255  -2.1195199338212957E+020
        1256  -2.1195199338212957E+020
        1257  -2.1195199338212957E+020
        1258  -2.1195199338212957E+020
        1259  -2.1195199338212957E+020
        1260  -2.1195199338212957E+020
        1261  -2.1195199338212957E+020
        1262  -2.1195199338212957E+020
        1263  -2.1195199338212957E+020
        1264  -2.1195199338212957E+020
        1265  -2.1195199338212957E+020
        1266  -2.1195199338212957E+020
        1267  -2.1195199338212957E+020
        1268  -2.1195199338212957E+020
        1269  -2.1195199338212957E+020
        1270  -2.1195199338212957E+020
        1271  -2.1195199338212957E+020
        1272  -2.1195199338212957E+020
        1273  -2.1195199338212957E+020
        1274  -2.1195199338212957E+020
        1275  -2.1195199338212957E+020
        1276  -2.1195199338212957E+020
        1277  -2.1195199338212957E+020
        1278  -2.1195199338212957E+020
        1279  -2.1195199338212957E+020
        1280  -2.1195199338212957E+020
        1281  -2.1195199338212957E+020
        1282  -2.1195199338212957E+020
        1283  -2.1195199338212957E+020
        1284  -2.1195199338212957E+020
        1285  -2.1195199338212957E+020
        1286  -2.1195199338212957E+020
        1287  -2.1195199338212957E+020
        1288  -2.1195199338212957E+020
        1289  -2.1195199338212957E+020
        1290  -2.1195199338212957E+020
        1291  -2.1195199338212957E+020
        1292  -2.1195199338212957E+020
        1293  -2.1195199338212957E+020
        1294  -2.1195199338212957E+020
        1295  -2.1195199338212957E+020
        1296  -2.1195199338212957E+020
        1297  -2.1195199338212957E+020
        1298  -2.1195199338212957E+020
        1299  -2.1195199338212957E+020
        1300  -2.1195199338212957E+020
        1301  -2.1195199338212957E+020
        1302  -2.1195199338212957E+020
        1303  -2.1195199338212957E+020
        1304  -2.1195199338212957E+020
        1305  -2.1195199338212957E+020
        1306  -2.1195199338212957E+020
        1307  -2.1195199338212957E+020
        1308  -2.1195199338212957E+020
        1309  -2.1195199338212957E+020
        1310  -2.1195199338212957E+020
        1311  -2.1195199338212957E+020
        1312  -2.1195199338212957E+020
        1313  -2.1195199338212957E+020
        1314  -2.1195199338212957E+020
        1315  -2.1195199338212957E+020
        1316  -2.1195199338212957E+020
        1317  -2.1195199338212957E+020
        1318  -2.1195199338212957E+020
        1319  -2.1195199338212957E+020
        1320  -2.1195199338212957E+020
        1321  -2.1195199338212957E+020
        1322  -2.1195199338212957E+020
        1323  -2.1195199338212957E+020
        1324  -2.1195199338212957E+020
        1325  -2.1195199338212957E+020
        1326  -2.1195199338212957E+020
        1327  -2.1195199338212957E+020
        1328  -2.1195199338212957E+020
        1329  -2.1195199338212957E+020
        1330  -2.1195199338212957E+020
        1331  -2.1195199338212957E+020
        1332  -2.1195199338212957E+020
        1333  -2.1195199338212957E+020
        1334  -2.1195199338212957E+020
        1335  -2.1195199338212957E+020
        1336  -2.1195199338212957E+020
        1337  -2.1195199338212957E+020
        1338  -2.1195199338212957E+020
        1339  -2.1195199338212957E+020
        1340  -2.1195199338212957E+020
        1341  -2.1195199338212957E+020
        1342  -2.1195199338212957E+020
        1343  -2.1195199338212957E+020
        1344  -2.1195199338212957E+020
        1345  -2.1195199338212957E+020
        1346  -2.1195199338212957E+020
        1347  -2.1195199338212957E+020
        1348  -2.1195199338212957E+020
        1349  -2.1195199338212957E+020
        1350  -2.1195199338212957E+020
        1351  -2.1195199338212957E+020
        1352  -2.1195199338212957E+020
        1353  -2.1195199338212957E+020
        1354  -2.1195199338212957E+020
        1355  -2.1195199338212957E+020
        1356  -2.1195199338212957E+020
        1357  -2.1195199338212957E+020
        1358  -2.1195199338212957E+020
        1359  -2.1195199338212957E+020
        1360  -2.1195199338212957E+020
        1361  -2.1195199338212957E+020
        1362  -2.1195199338212957E+020
        1363  -2.1195199338212957E+020
        1364  -2.1195199338212957E+020
        1365  -2.1195199338212957E+020
        1366  -2.1195199338212957E+020
        1367  -2.1195199338212957E+020
        1368  -2.1195199338212957E+020
        1369  -2.1195199338212957E+020
        1370  -2.1195199338212957E+020
        1371  -2.1195199338212957E+020
        1372  -2.1195199338212957E+020
        1373  -2.1195199338212957E+020
        1374  -2.1195199338212957E+020
        1375  -2.1195199338212957E+020
        1376  -2.1195199338212957E+020
        1377  -2.1195199338212957E+020
        1378  -2.1195199338212957E+020
        1379  -2.1195199338212957E+020
        1380  -2.1195199338212957E+020
        1381  -2.1195199338212957E+020
        1382  -2.1195199338212957E+020
        1383  -2.1195199338212957E+020
        1384  -2.1195199338212957E+020
        1385  -2.1195199338212957E+020
        1386  -2.1195199338212957E+020
        1387  -2.1195199338212957E+020
        1388  -2.1195199338212957E+020
        1389  -2.1195199338212957E+020
        1390  -2.1195199338212957E+020
        1391  -2.1195199338212957E+020
        1392  -2.1195199338212957E+020
        1393  -2.1195199338212957E+020
        1394  -2.1195199338212957E+020
        1395  -2.1195199338212957E+020
        1396  -2.1195199338212957E+020
        1397  -2.1195199338212957E+020
        1398  -2.1195199338212957E+020
        1399  -2.1195199338212957E+020
        1400  -2.1195199338212957E+020
        1401  -2.1195199338212957E+020
        1402  -2.1195199338212957E+020
        1403  -2.1195199338212957E+020
        1404  -2.1195199338212957E+020
        1405  -2.1195199338212957E+020
        1406  -2.1195199338212957E+020
        1407  -2.1195199338212957E+020
        1408  -2.1195199338212957E+020
        1409  -2.1195199338212957E+020
        1410  -2.1195199338212957E+020
        1411  -2.1195199338212957E+020
        1412  -2.1195199338212957E+020
        1413  -2.1195199338212957E+020
        1414  -2.1195199338212957E+020
        1415  -2.1195199338212957E+020
        1416  -2.1195199338212957E+020
        1417  -2.1195199338212957E+020
        1418  -2.1195199338212957E+020
        1419  -2.1195199338212957E+020
        1420  -2.1195199338212957E+020
        1421  -2.1195199338212957E+020
        1422  -2.1195199338212957E+020
        1423  -2.1195199338212957E+020
        1424  -2.1195199338212957E+020
        1425  -2.1195199338212957E+020
        1426  -2.1195199338212957E+020
        1427  -2.1195199338212957E+020
        1428  -2.1195199338212957E+020
        1429  -2.1195199338212957E+020
        1430  -2.1195199338212957E+020
        1431  -2.1195199338212957E+020
        1432  -2.1195199338212957E+020
        1433  -2.1195199338212957E+020
        1434  -2.1195199338212957E+020
        1435  -2.1195199338212957E+020
        1436  -2.1195199338212957E+020
        1437  -2.1195199338212957E+020
        1438  -2.1195199338212957E+020
        1439  -2.1195199338212957E+020
        1440  -2.1195199338212957E+020
        1441  -2.1195199338212957E+020
        1442  -2.1195199338212957E+020
        1443  -2.1195199338212957E+020
        1444  -2.1195199338212957E+020
        1445  -2.1195199338212957E+020
        1446  -2.1195199338212957E+020
        1447  -2.1195199338212957E+020
        1448  -2.1195199338212957E+020
        1449  -2.1195199338212957E+020
        1450  -2.1195199338212957E+020
        1451  -2.1195199338212957E+020
        1452  -2.1195199338212957E+020
        1453  -2.1195199338212957E+020
        1454  -2.1195199338212957E+020
        1455  -2.1195199338212957E+020
        1456  -2.1195199338212957E+020
        1457  -2.1195199338212957E+020
        1458  -2.1195199338212957E+020
        1459  -2.1195199338212957E+020
        1460  -2.1195199338212957E+020
        1461  -2.1195199338212957E+020
        1462  -2.1195199338212957E+020
        1463  -2.1195199338212957E+020
        1464  -2.1195199338212957E+020
        1465  -2.1195199338212957E+020
        1466  -2.1195199338212957E+020
        1467  -2.1195199338212957E+020
        1468  -2.1195199338212957E+020
        1469  -2.1195199338212957E+020
        1470  -2.1195199338212957E+020
        1471  -2.1195199338212957E+020
        1472  -2.1195199338212957E+020
        1473  -2.1195199338212957E+020
        1474  -2.1195199338212957E+020
        1475  -2.1195199338212957E+020
        1476  -2.1195199338212957E+020
        1477  -2.1195199338212957E+020
        1478  -2.1195199338212957E+020
        1479  -2.1195199338212957E+020
        1480  -2.1195199338212957E+020
        1481  -2.1195199338212957E+020
        1482  -2.1195199338212957E+020
        1483  -2.1195199338212957E+020
        1484  -2.1195199338212957E+020
        1485  -2.1195199338212957E+020
        1486  -2.1195199338212957E+020
        1487  -2.1195199338212957E+020
        1488  -2.1195199338212957E+020
        1489  -2.1195199338212957E+020
        1490  -2.1195199338212957E+020
        1491  -2.1195199338212957E+020
        1492  -2.1195199338212957E+020
        1493  -2.1195199338212957E+020
        1494  -2.1195199338212957E+020
        1495  -2.1195199338212957E+020
        1496  -2.1195199338212957E+020
        1497  -2.1195199338212957E+020
        1498  -2.1195199338212957E+020
        1499  -2.1195199338212957E+020
        1500  -2.1195199338212957E+020
        1501  -2.1195199338212957E+020
        1502  -2.1195199338212957E+020
        1503  -2.1195199338212957E+020
        1504  -2.1195199338212957E+020
        1505  -2.1195199338212957E+020
        1506  -2.1195199338212957E+020
        1507  -2.1195199338212957E+020
        1508  -2.1195199338212957E+020
        1509  -2.1195199338212957E+020
        1510  -2.1195199338212957E+020
        1511  -2.1195199338212957E+020
        1512  -2.1195199338212957E+020
        1513  -2.1195199338212957E+020
        1514  -2.1195199338212957E+020
        1515  -2.1195199338212957E+020
        1516  -2.1195199338212957E+020
        1517  -2.1195199338212957E+020
        1518  -2.1195199338212957E+020
        1519  -2.1195199338212957E+020
        1520  -2.1195199338212957E+020
        1521  -2.1195199338212957E+020
        1522  -2.1195199338212957E+020
        1523  -2.1195199338212957E+020
        1524  -2.1195199338212957E+020
        1525  -2.1195199338212957E+020
        1526  -2.1195199338212957E+020
        1527  -2.1195199338212957E+020
        1528  -2.1195199338212957E+020
        1529  -2.1195199338212957E+020
        1530  -2.1195199338212957E+020
        1531  -2.1195199338212957E+020
        1532  -2.1195199338212957E+020
        1533  -2.1195199338212957E+020
        1534  -2.1195199338212957E+020
        1535  -2.1195199338212957E+020
        1536  -2.1195199338212957E+020
        1537  -2.1195199338212957E+020
        1538  -2.1195199338212957E+020
        1539  -2.1195199338212957E+020
        1540  -2.1195199338212957E+020
        1541  -2.1195199338212957E+020
        1542  -2.1195199338212957E+020
        1543  -2.1195199338212957E+020
        1544  -2.1195199338212957E+020
        1545  -2.1195199338212957E+020
        1546  -2.1195199338212957E+020
        1547  -2.1195199338212957E+020
        1548  -2.1195199338212957E+020
        1549  -2.1195199338212957E+020
        1550  -2.1195199338212957E+020
        1551  -2.1195199338212957E+020
        1552  -2.1195199338212957E+020
        1553  -2.1195199338212957E+020
        1554  -2.1195199338212957E+020
        1555  -2.1195199338212957E+020
        1556  -2.1195199338212957E+020
        1557  -2.1195199338212957E+020
        1558  -2.1195199338212957E+020
        1559  -2.1195199338212957E+020
        1560  -2.1195199338212957E+020
        1561  -2.1195199338212957E+020
        1562  -2.1195199338212957E+020
        1563  -2.1195199338212957E+020
        1564  -2.1195199338212957E+020
        1565  -2.1195199338212957E+020
        1566  -2.1195199338212957E+020
        1567  -2.1195199338212957E+020
        1568  -2.1195199338212957E+020
        1569  -2.1195199338212957E+020
        1570  -2.1195199338212957E+020
        1571  -2.1195199338212957E+020
        1572  -2.1195199338212957E+020
        1573  -2.1195199338212957E+020
        1574  -2.1195199338212957E+020
        1575  -2.1195199338212957E+020
        1576  -2.1195199338212957E+020
        1577  -2.1195199338212957E+020
        1578  -2.1195199338212957E+020
        1579  -2.1195199338212957E+020
        1580  -2.1195199338212957E+020
        1581  -2.1195199338212957E+020
        1582  -2.1195199338212957E+020
        1583  -2.1195199338212957E+020
        1584  -2.1195199338212957E+020
        1585  -2.1195199338212957E+020
        1586  -2.1195199338212957E+020
        1587  -2.1195199338212957E+020
        1588  -2.1195199338212957E+020
        1589  -2.1195199338212957E+020
        1590  -2.1195199338212957E+020
        1591  -2.1195199338212957E+020
        1592  -2.1195199338212957E+020
        1593  -2.1195199338212957E+020
        1594  -2.1195199338212957E+020
        1595  -2.1195199338212957E+020
        1596  -2.1195199338212957E+020
        1597  -2.1195199338212957E+020
        1598  -2.1195199338212957E+020
        1599  -2.1195199338212957E+020
        1600  -2.1195199338212957E+020
        1601  -2.1195199338212957E+020
        1602  -2.1195199338212957E+020
        1603  -2.1195199338212957E+020
        1604  -2.1195199338212957E+020
        1605  -2.1195199338212957E+020
        1606  -2.1195199338212957E+020
        1607  -2.1195199338212957E+020
        1608  -2.1195199338212957E+020
        1609  -2.1195199338212957E+020
        1610  -2.1195199338212957E+020
        1611  -2.1195199338212957E+020
        1612  -2.1195199338212957E+020
        1613  -2.1195199338212957E+020
        1614  -2.1195199338212957E+020
        1615  -2.1195199338212957E+020
        1616  -2.1195199338212957E+020
        1617  -2.1195199338212957E+020
        1618  -2.1195199338212957E+020
        1619  -2.1195199338212957E+020
        1620  -2.1195199338212957E+020
        1621  -2.1195199338212957E+020
        1622  -2.1195199338212957E+020
        1623  -2.1195199338212957E+020
        1624  -2.1195199338212957E+020
        1625  -2.1195199338212957E+020
        1626  -2.1195199338212957E+020
        1627  -2.1195199338212957E+020
        1628  -2.1195199338212957E+020
        1629  -2.1195199338212957E+020
        1630  -2.1195199338212957E+020
        1631  -2.1195199338212957E+020
        1632  -2.1195199338212957E+020
        1633  -2.1195199338212957E+020
        1634  -2.1195199338212957E+020
        1635  -2.1195199338212957E+020
        1636  -2.1195199338212957E+020
        1637  -2.1195199338212957E+020
        1638  -2.1195199338212957E+020
        1639  -2.1195199338212957E+020
        1640  -2.1195199338212957E+020
        1641  -2.1195199338212957E+020
        1642  -2.1195199338212957E+020
        1643  -2.1195199338212957E+020
        1644  -2.1195199338212957E+020
        1645  -2.1195199338212957E+020
        1646  -2.1195199338212957E+020
        1647  -2.1195199338212957E+020
        1648  -2.1195199338212957E+020
        1649  -2.1195199338212957E+020
        1650  -2.1195199338212957E+020
        1651  -2.1195199338212957E+020
        1652  -2.1195199338212957E+020
        1653  -2.1195199338212957E+020
        1654  -2.1195199338212957E+020
        1655  -2.1195199338212957E+020
        1656  -2.1195199338212957E+020
        1657  -2.1195199338212957E+020
        1658  -2.1195199338212957E+020
        1659  -2.1195199338212957E+020
        1660  -2.1195199338212957E+020
        1661  -2.1195199338212957E+020
        1662  -2.1195199338212957E+020
        1663  -2.1195199338212957E+020
        1664  -2.1195199338212957E+020
        1665  -2.1195199338212957E+020
        1666  -2.1195199338212957E+020
        1667  -2.1195199338212957E+020
        1668  -2.1195199338212957E+020
        1669  -2.1195199338212957E+020
        1670  -2.1195199338212957E+020
        1671  -2.1195199338212957E+020
        1672  -2.1195199338212957E+020
        1673  -2.1195199338212957E+020
        1674  -2.1195199338212957E+020
        1675  -2.1195199338212957E+020
        1676  -2.1195199338212957E+020
        1677  -2.1195199338212957E+020
        1678  -2.1195199338212957E+020
        1679  -2.1195199338212957E+020
        1680  -2.1195199338212957E+020
        1681  -2.1195199338212957E+020
        1682  -2.1195199338212957E+020
        1683  -2.1195199338212957E+020
        1684  -2.1195199338212957E+020
        1685  -2.1195199338212957E+020
        1686  -2.1195199338212957E+020
        1687  -2.1195199338212957E+020
        1688  -2.1195199338212957E+020
        1689  -2.1195199338212957E+020
        1690  -2.1195199338212957E+020
        1691  -2.1195199338212957E+020
        1692  -2.1195199338212957E+020
        1693  -2.1195199338212957E+020
        1694  -2.1195199338212957E+020
        1695  -2.1195199338212957E+020
        1696  -2.1195199338212957E+020
        1697  -2.1195199338212957E+020
        1698  -2.1195199338212957E+020
        1699  -2.1195199338212957E+020
        1700  -2.1195199338212957E+020
        1701  -2.1195199338212957E+020
        1702  -2.1195199338212957E+020
        1703  -2.1195199338212957E+020
        1704  -2.1195199338212957E+020
        1705  -2.1195199338212957E+020
        1706  -2.1195199338212957E+020
        1707  -2.1195199338212957E+020
        1708  -2.1195199338212957E+020
        1709  -2.1195199338212957E+020
        1710  -2.1195199338212957E+020
        1711  -2.1195199338212957E+020
        1712  -2.1195199338212957E+020
        1713  -2.1195199338212957E+020
        1714  -2.1195199338212957E+020
        1715  -2.1195199338212957E+020
        1716  -2.1195199338212957E+020
        1717  -2.1195199338212957E+020
        1718  -2.1195199338212957E+020
        1719  -2.1195199338212957E+020
        1720  -2.1195199338212957E+020
        1721  -2.1195199338212957E+020
        1722  -2.1195199338212957E+020
        1723  -2.1195199338212957E+020
        1724  -2.1195199338212957E+020
        1725  -2.1195199338212957E+020
        1726  -2.1195199338212957E+020
        1727  -2.1195199338212957E+020
        1728  -2.1195199338212957E+020
        1729  -2.1195199338212957E+020
        1730  -2.1195199338212957E+020
        1731  -2.1195199338212957E+020
        1732  -2.1195199338212957E+020
        1733  -2.1195199338212957E+020
        1734  -2.1195199338212957E+020
        1735  -2.1195199338212957E+020
        1736  -2.1195199338212957E+020
        1737  -2.1195199338212957E+020
        1738  -2.1195199338212957E+020
        1739  -2.1195199338212957E+020
        1740  -2.1195199338212957E+020
        1741  -2.1195199338212957E+020
        1742  -2.1195199338212957E+020
        1743  -2.1195199338212957E+020
        1744  -2.1195199338212957E+020
        1745  -2.1195199338212957E+020
        1746  -2.1195199338212957E+020
        1747  -2.1195199338212957E+020
        1748  -2.1195199338212957E+020
        1749  -2.1195199338212957E+020
        1750  -2.1195199338212957E+020
        1751  -2.1195199338212957E+020
        1752  -2.1195199338212957E+020
        1753  -2.1195199338212957E+020
        1754  -2.1195199338212957E+020
        1755  -2.1195199338212957E+020
        1756  -2.1195199338212957E+020
        1757  -2.1195199338212957E+020
        1758  -2.1195199338212957E+020
        1759  -2.1195199338212957E+020
        1760  -2.1195199338212957E+020
        1761  -2.1195199338212957E+020
        1762  -2.1195199338212957E+020
        1763  -2.1195199338212957E+020
        1764  -2.1195199338212957E+020
        1765  -2.1195199338212957E+020
        1766  -2.1195199338212957E+020
        1767  -2.1195199338212957E+020
        1768  -2.1195199338212957E+020
        1769  -2.1195199338212957E+020
        1770  -2.1195199338212957E+020
        1771  -2.1195199338212957E+020
        1772  -2.1195199338212957E+020
        1773  -2.1195199338212957E+020
        1774  -2.1195199338212957E+020
        1775  -2.1195199338212957E+020
        1776  -2.1195199338212957E+020
        1777  -2.1195199338212957E+020
        1778  -2.1195199338212957E+020
        1779  -2.1195199338212957E+020
        1780  -2.1195199338212957E+020
        1781  -2.1195199338212957E+020
        1782  -2.1195199338212957E+020
        1783  -2.1195199338212957E+020
        1784  -2.1195199338212957E+020
        1785  -2.1195199338212957E+020
        1786  -2.1195199338212957E+020
        1787  -2.1195199338212957E+020
        1788  -2.1195199338212957E+020
        1789  -2.1195199338212957E+020
        1790  -2.1195199338212957E+020
        1791  -2.1195199338212957E+020
        1792  -2.1195199338212957E+020
        1793  -2.1195199338212957E+020
        1794  -2.1195199338212957E+020
        1795  -2.1195199338212957E+020
        1796  -2.1195199338212957E+020
        1797  -2.1195199338212957E+020
        1798  -2.1195199338212957E+020
        1799  -2.1195199338212957E+020
        1800  -2.1195199338212957E+020
        1801  -2.1195199338212957E+020
        1802  -2.1195199338212957E+020
        1803  -2.1195199338212957E+020
        1804  -2.1195199338212957E+020
        1805  -2.1195199338212957E+020
        1806  -2.1195199338212957E+020
        1807  -2.1195199338212957E+020
        1808  -2.1195199338212957E+020
        1809  -2.1195199338212957E+020
        1810  -2.1195199338212957E+020
        1811  -2.1195199338212957E+020
        1812  -2.1195199338212957E+020
        1813  -2.1195199338212957E+020
        1814  -2.1195199338212957E+020
        1815  -2.1195199338212957E+020
        1816  -2.1195199338212957E+020
        1817  -2.1195199338212957E+020
        1818  -2.1195199338212957E+020
        1819  -2.1195199338212957E+020
        1820  -2.1195199338212957E+020
        1821  -2.1195199338212957E+020
        1822  -2.1195199338212957E+020
        1823  -2.1195199338212957E+020
        1824  -2.1195199338212957E+020
        1825  -2.1195199338212957E+020
        1826  -2.1195199338212957E+020
        1827  -2.1195199338212957E+020
        1828  -2.1195199338212957E+020
        1829  -2.1195199338212957E+020
        1830  -2.1195199338212957E+020
        1831  -2.1195199338212957E+020
        1832  -2.1195199338212957E+020
        1833  -2.1195199338212957E+020
        1834  -2.1195199338212957E+020
        1835  -2.1195199338212957E+020
        1836  -2.1195199338212957E+020
        1837  -2.1195199338212957E+020
        1838  -2.1195199338212957E+020
        1839  -2.1195199338212957E+020
        1840  -2.1195199338212957E+020
        1841  -2.1195199338212957E+020
        1842  -2.1195199338212957E+020
        1843  -2.1195199338212957E+020
        1844  -2.1195199338212957E+020
        1845  -2.1195199338212957E+020
        1846  -2.1195199338212957E+020
        1847  -2.1195199338212957E+020
        1848  -2.1195199338212957E+020
        1849  -2.1195199338212957E+020
        1850  -2.1195199338212957E+020
        1851  -2.1195199338212957E+020
        1852  -2.1195199338212957E+020
        1853  -2.1195199338212957E+020
        1854  -2.1195199338212957E+020
        1855  -2.1195199338212957E+020
        1856  -2.1195199338212957E+020
        1857  -2.1195199338212957E+020
        1858  -2.1195199338212957E+020
        1859  -2.1195199338212957E+020
        1860  -2.1195199338212957E+020
        1861  -2.1195199338212957E+020
        1862  -2.1195199338212957E+020
        1863  -2.1195199338212957E+020
        1864  -2.1195199338212957E+020
        1865  -2.1195199338212957E+020
        1866  -2.1195199338212957E+020
        1867  -2.1195199338212957E+020
        1868  -2.1195199338212957E+020
        1869  -2.1195199338212957E+020
        1870  -2.1195199338212957E+020
        1871  -2.1195199338212957E+020
        1872  -2.1195199338212957E+020
        1873  -2.1195199338212957E+020
        1874  -2.1195199338212957E+020
        1875  -2.1195199338212957E+020
        1876  -2.1195199338212957E+020
        1877  -2.1195199338212957E+020
        1878  -2.1195199338212957E+020
        1879  -2.1195199338212957E+020
        1880  -2.1195199338212957E+020
        1881  -2.1195199338212957E+020
        1882  -2.1195199338212957E+020
        1883  -2.1195199338212957E+020
        1884  -2.1195199338212957E+020
        1885  -2.1195199338212957E+020
        1886  -2.1195199338212957E+020
        1887  -2.1195199338212957E+020
        1888  -2.1195199338212957E+020
        1889  -2.1195199338212957E+020
        1890  -2.1195199338212957E+020
        1891  -2.1195199338212957E+020
        1892  -2.1195199338212957E+020
        1893  -2.1195199338212957E+020
        1894  -2.1195199338212957E+020
        1895  -2.1195199338212957E+020
        1896  -2.1195199338212957E+020
        1897  -2.1195199338212957E+020
        1898  -2.1195199338212957E+020
        1899  -2.1195199338212957E+020
        1900  -2.1195199338212957E+020
        1901  -2.1195199338212957E+020
        1902  -2.1195199338212957E+020
        1903  -2.1195199338212957E+020
        1904  -2.1195199338212957E+020
        1905  -2.1195199338212957E+020
        1906  -2.1195199338212957E+020
        1907  -2.1195199338212957E+020
        1908  -2.1195199338212957E+020
        1909  -2.1195199338212957E+020
        1910  -2.1195199338212957E+020
        1911  -2.1195199338212957E+020
        1912  -2.1195199338212957E+020
        1913  -2.1195199338212957E+020
        1914  -2.1195199338212957E+020
        1915  -2.1195199338212957E+020
        1916  -2.1195199338212957E+020
        1917  -2.1195199338212957E+020
        1918  -2.1195199338212957E+020
        1919  -2.1195199338212957E+020
        1920  -2.1195199338212957E+020
        1921  -2.1195199338212957E+020
        1922  -2.1195199338212957E+020
        1923  -2.1195199338212957E+020
        1924  -2.1195199338212957E+020
        1925  -2.1195199338212957E+020
        1926  -2.1195199338212957E+020
        1927  -2.1195199338212957E+020
        1928  -2.1195199338212957E+020
        1929  -2.1195199338212957E+020
        1930  -2.1195199338212957E+020
        1931  -2.1195199338212957E+020
        1932  -2.1195199338212957E+020
        1933  -2.1195199338212957E+020
        1934  -2.1195199338212957E+020
        1935  -2.1195199338212957E+020
        1936  -2.1195199338212957E+020
        1937  -2.1195199338212957E+020
        1938  -2.1195199338212957E+020
        1939  -2.1195199338212957E+020
        1940  -2.1195199338212957E+020
        1941  -2.1195199338212957E+020
        1942  -2.1195199338212957E+020
        1943  -2.1195199338212957E+020
        1944  -2.1195199338212957E+020
        1945  -2.1195199338212957E+020
        1946  -2.1195199338212957E+020
        1947  -2.1195199338212957E+020
        1948  -2.1195199338212957E+020
        1949  -2.1195199338212957E+020
        1950  -2.1195199338212957E+020
        1951  -2.1195199338212957E+020
        1952  -2.1195199338212957E+020
        1953  -2.1195199338212957E+020
        1954  -2.1195199338212957E+020
        1955  -2.1195199338212957E+020
        1956  -2.1195199338212957E+020
        1957  -2.1195199338212957E+020
        1958  -2.1195199338212957E+020
        1959  -2.1195199338212957E+020
        1960  -2.1195199338212957E+020
        1961  -2.1195199338212957E+020
        1962  -2.1195199338212957E+020
        1963  -2.1195199338212957E+020
        1964  -2.1195199338212957E+020
        1965  -2.1195199338212957E+020
        1966  -2.1195199338212957E+020
        1967  -2.1195199338212957E+020
        1968  -2.1195199338212957E+020
        1969  -2.1195199338212957E+020
        1970  -2.1195199338212957E+020
        1971  -2.1195199338212957E+020
        1972  -2.1195199338212957E+020
        1973  -2.1195199338212957E+020
        1974  -2.1195199338212957E+020
        1975  -2.1195199338212957E+020
        1976  -2.1195199338212957E+020
        1977  -2.1195199338212957E+020
        1978  -2.1195199338212957E+020
        1979  -2.1195199338212957E+020
        1980  -2.1195199338212957E+020
        1981  -2.1195199338212957E+020
        1982  -2.1195199338212957E+020
        1983  -2.1195199338212957E+020
        1984  -2.1195199338212957E+020
        1985  -2.1195199338212957E+020
        1986  -2.1195199338212957E+020
        1987  -2.1195199338212957E+020
        1988  -2.1195199338212957E+020
        1989  -2.1195199338212957E+020
        1990  -2.1195199338212957E+020
        1991  -2.1195199338212957E+020
        1992  -2.1195199338212957E+020
        1993  -2.1195199338212957E+020
        1994  -2.1195199338212957E+020
        1995  -2.1195199338212957E+020
        1996  -2.1195199338212957E+020
        1997  -2.1195199338212957E+020
        1998  -2.1195199338212957E+020
        1999  -2.1195199338212957E+020
