           1  -8.5160080385337092E+021
           2  -2.1236982323034485E+022
           3  -7.6318759074772088E+022
           4  -1.8198436060299806E+023
           5  -3.5465405727386082E+023
           6  -6.1066393296707631E+023
           7  -9.6631943478180448E+023
           8  -1.4371875808776189E+024
           9  -2.0386034326933899E+024
          10  -2.7856594582465221E+024
          11  -3.6932264980303365E+024
          12  -4.7757359744407974E+024
          13  -6.0473918753648091E+024
          14  -7.5211456239691259E+024
          15  -9.2097357415204332E+024
          16  -1.1125687833459263E+025
          17  -1.3280227699769083E+025
          18  -1.5686087898969287E+025
          19  -1.8354444621058413E+025
          20  -2.1293220407493651E+025
          21  -2.4512359822215319E+025
          22  -2.8022831823585456E+025
          23  -3.1831678674814930E+025
          24  -3.5945871078158001E+025
          25  -4.0372863922110847E+025
          26  -4.5118866021511721E+025
          27  -5.0188414580125460E+025
          28  -5.5587097818929792E+025
          29  -6.1319793395134237E+025
          30  -6.7391060869913932E+025
          31  -7.3801242351161093E+025
          32  -8.0553523303528229E+025
          33  -8.7650002450507124E+025
          34  -9.5086206771116658E+025
          35  -1.0286271785284959E+026
          36  -1.1097977958397122E+026
          37  -1.1943689057608360E+026
          38  -1.2823302494723267E+026
          39  -1.3736164515402827E+026
          40  -1.4682062134734727E+026
          41  -1.5660689702497238E+026
          42  -1.6671147360408188E+026
          43  -1.7713611171739973E+026
          44  -1.8787621358247681E+026
          45  -1.9891433739179342E+026
          46  -2.1024087576927219E+026
          47  -2.2185583972061030E+026
          48  -2.3374536277232827E+026
          49  -2.4590243256262668E+026
          50  -2.5832330438222301E+026
          51  -2.7098815966057739E+026
          52  -2.8388359639566080E+026
          53  -2.9700492354625990E+026
          54  -3.1034276930004572E+026
          55  -3.2388286132497706E+026
          56  -3.3762003697778176E+026
          57  -3.5153513215323685E+026
          58  -3.6560349682352690E+026
          59  -3.7982310222230620E+026
          60  -3.9418797732855192E+026
          61  -4.0867740184777765E+026
          62  -4.2327476642319077E+026
          63  -4.3796832818468028E+026
          64  -4.5273584652011986E+026
          65  -4.6756554957893875E+026
          66  -4.8244514842610572E+026
          67  -4.9735194834730716E+026
          68  -5.1227927204989167E+026
          69  -5.2721479766057206E+026
          70  -5.4214100599207769E+026
          71  -5.5704604293625890E+026
          72  -5.7190648923282829E+026
          73  -5.8670482846138026E+026
          74  -6.0142911719365183E+026
          75  -6.1607350795196553E+026
          76  -6.3062089784133146E+026
          77  -6.4504812168083343E+026
          78  -6.5934412987013399E+026
          79  -6.7349808776927188E+026
          80  -6.8749954567355645E+026
          81  -7.0132559145078614E+026
          82  -7.1496631666507309E+026
          83  -7.2841186460594469E+026
          84  -7.4165299983879753E+026
          85  -7.5468041248820613E+026
          86  -7.6747274448384501E+026
          87  -7.8001680188782498E+026
          88  -7.9229632532106506E+026
          89  -8.0430377014624660E+026
          90  -8.1602712820317448E+026
          91  -8.2746415266572066E+026
          92  -8.3860849748938222E+026
          93  -8.4943669024839708E+026
          94  -8.5994321560597070E+026
          95  -8.7012693950321096E+026
          96  -8.7998325573107211E+026
          97  -8.8949093338251480E+026
          98  -8.9864625429205943E+026
          99  -9.0744597339323147E+026
         100  -9.1587427773058299E+026
         101  -9.2393197333288189E+026
         102  -9.3161705232433784E+026
         103  -9.3892481945847642E+026
         104  -9.4585428899137480E+026
         105  -9.5240497933271265E+026
         106  -9.5856386805266683E+026
         107  -9.6433127724255028E+026
         108  -9.6970805178100058E+026
         109  -9.7469533070940518E+026
         110  -9.7929476304775351E+026
         111  -9.8349567196061203E+026
         112  -9.8730058264743452E+026
         113  -9.9071230479140168E+026
         114  -9.9373403989881811E+026
         115  -9.9636934656373591E+026
         116  -9.9862210245647231E+026
         117  -1.0004844264839467E+027
         118  -1.0019608980033741E+027
         119  -1.0030685234037043E+027
         120  -1.0038005728441437E+027
         121  -1.0041507850299937E+027
         122  -1.0041367841318417E+027
         123  -1.0037647298364126E+027
         124  -1.0030294185473153E+027
         125  -1.0019375724326947E+027
         126  -1.0004961245109457E+027
         127  -9.9871221957435214E+026
         128  -9.9659319347869197E+026
         129  -9.9413686119484293E+026
         130  -9.9135112005330032E+026
         131  -9.8825369980326079E+026
         132  -9.8484204845350250E+026
         133  -9.8112429659107060E+026
         134  -9.7710896340122054E+026
         135  -9.7279434732715793E+026
         136  -9.6819922017066800E+026
         137  -9.6333230207088049E+026
         138  -9.5819242221224664E+026
         139  -9.5278857243672323E+026
         140  -9.4712977962882878E+026
         141  -9.4122509236206168E+026
         142  -9.3508350517467397E+026
         143  -9.2871407675169324E+026
         144  -9.2212005591175387E+026
         145  -9.1531070504848344E+026
         146  -9.0830103912005899E+026
         147  -9.0109143044509364E+026
         148  -8.9369088984785267E+026
         149  -8.8611685714106171E+026
         150  -8.7836998648717997E+026
         151  -8.7045111661416129E+026
         152  -8.6237718527382211E+026
         153  -8.5415707441821643E+026
         154  -8.4579173283109946E+026
         155  -8.3728995840377491E+026
         156  -8.2866773687176153E+026
         157  -8.1993348925053372E+026
         158  -8.1108819997902841E+026
         159  -8.0214015759366266E+026
         160  -7.9309750906613121E+026
         161  -7.8396825498902197E+026
         162  -7.7475378925199592E+026
         163  -7.6546192771742959E+026
         164  -7.5610687010129515E+026
         165  -7.4669418370774444E+026
         166  -7.3722490748162814E+026
         167  -7.2770759496975700E+026
         168  -7.1815489274095994E+026
         169  -7.0856786124448227E+026
         170  -6.9895312493169217E+026
         171  -6.8931736259321347E+026
         172  -6.7966683803558294E+026
         173  -6.7000786189061686E+026
         174  -6.6034602815479423E+026
         175  -6.5068728150438303E+026
         176  -6.4103213811835849E+026
         177  -6.3139119696470658E+026
         178  -6.2176994285981217E+026
         179  -6.1216834695062896E+026
         180  -6.0259153705620214E+026
         181  -5.9304887079039105E+026
         182  -5.8354510583449582E+026
         183  -5.7408040625011849E+026
         184  -5.6465917932738838E+026
         185  -5.5528514655867892E+026
         186  -5.4596245250347597E+026
         187  -5.3669506487235334E+026
         188  -5.2748677812135950E+026
         189  -5.1834113532196586E+026
         190  -5.0926109217708004E+026
         191  -5.0024986303663007E+026
         192  -4.9131058273526900E+026
         193  -4.8244573273286154E+026
         194  -4.7365479950533999E+026
         195  -4.6494102579890232E+026
         196  -4.5630976498899825E+026
         197  -4.4776289492241470E+026
         198  -4.3930304922499339E+026
         199  -4.3092944277819770E+026
         200  -4.2264361171691135E+026
         201  -4.1445023517951737E+026
         202  -4.0634786243212271E+026
         203  -3.9833811385394500E+026
         204  -3.9042561040485019E+026
         205  -3.8260873424366524E+026
         206  -3.7488827818110263E+026
         207  -3.6726829354389295E+026
         208  -3.5974739979996384E+026
         209  -3.5232605837050273E+026
         210  -3.4500519732070956E+026
         211  -3.3778508554190280E+026
         212  -3.3066848550264635E+026
         213  -3.2365429575941080E+026
         214  -3.1674250472539823E+026
         215  -3.0993306390213542E+026
         216  -3.0322663206908861E+026
         217  -2.9662347227054535E+026
         218  -2.9012324938326099E+026
         219  -2.8372611664300685E+026
         220  -2.7743155099637880E+026
         221  -2.7123950105405454E+026
         222  -2.6514981811718937E+026
         223  -2.5916225853597440E+026
         224  -2.5327648642593323E+026
         225  -2.4749181183585680E+026
         226  -2.4180640493186028E+026
         227  -2.3622122131532667E+026
         228  -2.3073577799661201E+026
         229  -2.2534946646395865E+026
         230  -2.2006135628925701E+026
         231  -2.1487074667480586E+026
         232  -2.0977697824561516E+026
         233  -2.0477814540003052E+026
         234  -1.9987463226395406E+026
         235  -1.9506532690100464E+026
         236  -1.9034934739937543E+026
         237  -1.8572588569967796E+026
         238  -1.8119369771823672E+026
         239  -1.7675183944583994E+026
         240  -1.7239842052297769E+026
         241  -1.6813343600193786E+026
         242  -1.6395591034158339E+026
         243  -1.5986446926681959E+026
         244  -1.5585813800739289E+026
         245  -1.5193583807151198E+026
         246  -1.4809652276608210E+026
         247  -1.4433808873986294E+026
         248  -1.4066020351612117E+026
         249  -1.3706207618135700E+026
         250  -1.3354228588367729E+026
         251  -1.3009948327285480E+026
         252  -1.2673255578989578E+026
         253  -1.2344039966189333E+026
         254  -1.2022186410171946E+026
         255  -1.1707583193501452E+026
         256  -1.1400114579960749E+026
         257  -1.1099646534398738E+026
         258  -1.0806063705141402E+026
         259  -1.0519255109989033E+026
         260  -1.0239105535056108E+026
         261  -9.9655061108425793E+025
         262  -9.6983222002733483E+025
         263  -9.4374434664398910E+025
         264  -9.1827569923322477E+025
         265  -8.9341763214958481E+025
         266  -8.6915486612928037E+025
         267  -8.4547640297806976E+025
         268  -8.2237169356190768E+025
         269  -7.9982990757090335E+025
         270  -7.7784212868269859E+025
         271  -7.5639417840245083E+025
         272  -7.3547568522197169E+025
         273  -7.1507962138532278E+025
         274  -6.9519241231094395E+025
         275  -6.7580380605505872E+025
         276  -6.5690525916508723E+025
         277  -6.3848399709660212E+025
         278  -6.2053018059953260E+025
         279  -6.0303529795412425E+025
         280  -5.8599120021976751E+025
         281  -5.6938832408620925E+025
         282  -5.5321333657725174E+025
         283  -5.3745585963134619E+025
         284  -5.2210921349008379E+025
         285  -5.0716567666941712E+025
         286  -4.9261513627455182E+025
         287  -4.7844883326790640E+025
         288  -4.6465830738714725E+025
         289  -4.5123507020588717E+025
         290  -4.3817071208800973E+025
         291  -4.2545593554276859E+025
         292  -4.1308282495577142E+025
         293  -4.0104349443707751E+025
         294  -3.8932908841006041E+025
         295  -3.7793200110129689E+025
         296  -3.6684585106523148E+025
         297  -3.5606234305945291E+025
         298  -3.4557426517724642E+025
         299  -3.3537457436917683E+025
         300  -3.2545544384811577E+025
         301  -3.1581011424089529E+025
         302  -3.0643307159959989E+025
         303  -2.9731783515915977E+025
         304  -2.8845678626917458E+025
         305  -2.7984365878941386E+025
         306  -2.7147335597893589E+025
         307  -2.6333902000025539E+025
         308  -2.5543375424190937E+025
         309  -2.4775283020196692E+025
         310  -2.4028982781524981E+025
         311  -2.3303890834005009E+025
         312  -2.2599558970244869E+025
         313  -2.1915390659347329E+025
         314  -2.1250863108025601E+025
         315  -2.0605409675969788E+025
         316  -1.9978531160499639E+025
         317  -1.9369805616710269E+025
         318  -1.8778698067746238E+025
         319  -1.8204812798576390E+025
         320  -1.7647630462601430E+025
         321  -1.7106705081199619E+025
         322  -1.6581666997646839E+025
         323  -1.6071981697348707E+025
         324  -1.5577233388410037E+025
         325  -1.5097080229437125E+025
         326  -1.4631127130366196E+025
         327  -1.4178935177944193E+025
         328  -1.3740132880797509E+025
         329  -1.3314361180702733E+025
         330  -1.2901258944355130E+025
         331  -1.2500479078850059E+025
         332  -1.2111683918491997E+025
         333  -1.1734543143748534E+025
         334  -1.1368692169243906E+025
         335  -1.1013817651963306E+025
         336  -1.0669614095200628E+025
         337  -1.0335783399569011E+025
         338  -1.0012035007575497E+025
         339  -9.6980856011981458E+024
         340  -9.3936589861342926E+024
         341  -9.0984845854397976E+024
         342  -8.8122999479163518E+024
         343  -8.5348189986053127E+024
         344  -8.2657935166365501E+024
         345  -8.0050090298725025E+024
         346  -7.7522017158609595E+024
         347  -7.5071683421276731E+024
         348  -7.2696860310059234E+024
         349  -7.0394871462693901E+024
         350  -6.8163834548498042E+024
         351  -6.6001459885280907E+024
         352  -6.3905727237474218E+024
         353  -6.1874940737579731E+024
         354  -5.9906975092318898E+024
         355  -5.8000175431482978E+024
         356  -5.6152576051417106E+024
         357  -5.4362427505996052E+024
         358  -5.2628165081971314E+024
         359  -5.0947893331094825E+024
         360  -4.9320033677189241E+024
         361  -4.7743035268565376E+024
         362  -4.6215378837776923E+024
         363  -4.4735611983037621E+024
         364  -4.3302332725653995E+024
         365  -4.1914142764789481E+024
         366  -4.0569694560979523E+024
         367  -3.9267542832051305E+024
         368  -3.8006416170907946E+024
         369  -3.6785088326803591E+024
         370  -3.5602359019049884E+024
         371  -3.4457067969837720E+024
         372  -3.3347953183482795E+024
         373  -3.2273924331544527E+024
         374  -3.1233921219791734E+024
         375  -3.0226928358222782E+024
         376  -2.9251951667282605E+024
         377  -2.8308009560858780E+024
         378  -2.7394149327062880E+024
         379  -2.6509459758335415E+024
         380  -2.5652946710430523E+024
         381  -2.4823752570572711E+024
         382  -2.4021141201213401E+024
         383  -2.3244194147985038E+024
         384  -2.2492035582442462E+024
         385  -2.1763994042001860E+024
         386  -2.1059334219659409E+024
         387  -2.0377247749233706E+024
         388  -1.9717038050892957E+024
         389  -1.9078024707750167E+024
         390  -1.8459552341129844E+024
         391  -1.7860989402680228E+024
         392  -1.7281717648657386E+024
         393  -1.6721146315977144E+024
         394  -1.6178615551326537E+024
         395  -1.5653558394638079E+024
         396  -1.5145440712848123E+024
         397  -1.4653732823709878E+024
         398  -1.4177924543659182E+024
         399  -1.3717452717440582E+024
         400  -1.3271901035909705E+024
         401  -1.2840806835434582E+024
         402  -1.2423655695050192E+024
         403  -1.2020010797935290E+024
         404  -1.1629451407045215E+024
         405  -1.1251566316500651E+024
         406  -1.0885954010014330E+024
         407  -1.0532228028955105E+024
         408  -1.0189966295254184E+024
         409  -9.8588089408372565E+023
         410  -9.5384544506654750E+023
         411  -9.2285151176223580E+023
         412  -8.9286162270890000E+023
         413  -8.6384844513781333E+023
         414  -8.3578138179238678E+023
         415  -8.0862604120765752E+023
         416  -7.8235755778626156E+023
         417  -7.5694806349416116E+023
         418  -7.3236619548228621E+023
         419  -7.0858585955813939E+023
         420  -6.8558176371722445E+023
         421  -6.6332906127359406E+023
         422  -6.4180047449916931E+023
         423  -6.2097306211626687E+023
         424  -6.0082766148572189E+023
         425  -5.8133954492391457E+023
         426  -5.6248770408154189E+023
         427  -5.4425180019056409E+023
         428  -5.2661223561397943E+023
         429  -5.0955004567991621E+023
         430  -4.9304401497397191E+023
         431  -4.7707901481944945E+023
         432  -4.6163790088662815E+023
         433  -4.4670134940746378E+023
         434  -4.3225313236008110E+023
         435  -4.1827762446572028E+023
         436  -4.0475978275044641E+023
         437  -3.9168485475932063E+023
         438  -3.7903649407945904E+023
         439  -3.6680117396435305E+023
         440  -3.5496767571382841E+023
         441  -3.4352102909915983E+023
         442  -3.3244885506533629E+023
         443  -3.2173919866444174E+023
         444  -3.1138036878566645E+023
         445  -3.0136114983545701E+023
         446  -2.9167058040187862E+023
         447  -2.8229819929156693E+023
         448  -2.7323209814560296E+023
         449  -2.6446238738446397E+023
         450  -2.5597949365691382E+023
         451  -2.4777420238220992E+023
         452  -2.3983764666635169E+023
         453  -2.3216123265161142E+023
         454  -2.2473648491042078E+023
         455  -2.1755397295666396E+023
         456  -2.1060597765239197E+023
         457  -2.0388616374307489E+023
         458  -1.9738595346793649E+023
         459  -1.9109833307192889E+023
         460  -1.8501645617544905E+023
         461  -1.7913362711978702E+023
         462  -1.7344346571192568E+023
         463  -1.6793871119044113E+023
         464  -1.6261447418853130E+023
         465  -1.5746492498606027E+023
         466  -1.5248335902030441E+023
         467  -1.4766440633692304E+023
         468  -1.4300286881801182E+023
         469  -1.3849367607415244E+023
         470  -1.3413189614774252E+023
         471  -1.2991275136608939E+023
         472  -1.2583085119753328E+023
         473  -1.2188176481595510E+023
         474  -1.1806202531711949E+023
         475  -1.1436667901255044E+023
         476  -1.1079170964008138E+023
         477  -1.0733328998917514E+023
         478  -1.0398764904682960E+023
         479  -1.0075115238053584E+023
         480  -9.7620269871814769E+022
         481  -9.4591620863296608E+022
         482  -9.1661285781156034E+022
         483  -8.8826094144728745E+022
         484  -8.6082955856812249E+022
         485  -8.3428934072676580E+022
         486  -8.0861184428318164E+022
         487  -7.8376920984736227E+022
         488  -7.5973446330785953E+022
         489  -7.3648192285903379E+022
         490  -7.1398631095198460E+022
         491  -6.9221829731455257E+022
         492  -6.7115456287952201E+022
         493  -6.5077714244566556E+022
         494  -6.3105950703339776E+022
         495  -6.1198038518509265E+022
         496  -5.9351932241285304E+022
         497  -5.7565650547001946E+022
         498  -5.5837286070281258E+022
         499  -5.4164571322321784E+022
         500  -5.2546107595852721E+022
         501  -5.0980163745383581E+022
         502  -4.9464688399165346E+022
         503  -4.7998061265738736E+022
         504  -4.6578721312691737E+022
         505  -4.5205157065814419E+022
         506  -4.3875898212422892E+022
         507  -4.2589537222288990E+022
         508  -4.1344702448280051E+022
         509  -4.0140058933651011E+022
         510  -3.8974035986474852E+022
         511  -3.7845388827607406E+022
         512  -3.6753207587572583E+022
         513  -3.5696062694808070E+022
         514  -3.4672831258772277E+022
         515  -3.3682447315305388E+022
         516  -3.2723853160713795E+022
         517  -3.1796031618187186E+022
         518  -3.0897771425561659E+022
         519  -3.0028361420205644E+022
         520  -2.9186884281155539E+022
         521  -2.8372232734811028E+022
         522  -2.7583556574850402E+022
         523  -2.6820032725254756E+022
         524  -2.6080863979470754E+022
         525  -2.5365270347980045E+022
         526  -2.4672506243418172E+022
         527  -2.4001853250925314E+022
         528  -2.3352605692004959E+022
         529  -2.2724082086971718E+022
         530  -2.2115626864401988E+022
         531  -2.1526441699812508E+022
         532  -2.0955911068442738E+022
         533  -2.0403455364407985E+022
         534  -1.9868502071822156E+022
         535  -1.9350643641604924E+022
         536  -1.8849195810886141E+022
         537  -1.8363641268023299E+022
         538  -1.7893480762143790E+022
         539  -1.7438089180241520E+022
         540  -1.6997004169279139E+022
         541  -1.6569905570235432E+022
         542  -1.6156354174591443E+022
         543  -1.5755800017858726E+022
         544  -1.5367833538086574E+022
         545  -1.4992060834005419E+022
         546  -1.4628101355846865E+022
         547  -1.4275585510035088E+022
         548  -1.3934153761268538E+022
         549  -1.3603457788526423E+022
         550  -1.3283163179507723E+022
         551  -1.2972945275780497E+022
         552  -1.2672487514045199E+022
         553  -1.2381391954918089E+022
         554  -1.2099364182558874E+022
         555  -1.1826124994125454E+022
         556  -1.1561399352194826E+022
         557  -1.1305005608453137E+022
         558  -1.1056602738142891E+022
         559  -1.0815942245883197E+022
         560  -1.0582785888750964E+022
         561  -1.0356822718660034E+022
         562  -1.0137901836013958E+022
         563  -9.9258066359020736E+021
         564  -9.7202569540982538E+021
         565  -9.5210502732920190E+021
         566  -9.3280549141230838E+021
         567  -9.1410800066206577E+021
         568  -8.9598759772769653E+021
         569  -8.7842645281825714E+021
         570  -8.6140717080824166E+021
         571  -8.4491320772792775E+021
         572  -8.2892841987337775E+021
         573  -8.1343708451645990E+021
         574  -7.9841871442097660E+021
         575  -7.8385863729415539E+021
         576  -7.6974809557748752E+021
         577  -7.5607322422918083E+021
         578  -7.4281575169426750E+021
         579  -7.2996292794158248E+021
         580  -7.1750705248713163E+021
         581  -7.0543149267421107E+021
         582  -6.9372450778220729E+021
         583  -6.8237498231010288E+021
         584  -6.7137200525270015E+021
         585  -6.6070500966477102E+021
         586  -6.5035975438545013E+021
         587  -6.4033037119502460E+021
         588  -6.3060730914572956E+021
         589  -6.2117747069087436E+021
         590  -6.1203205125490868E+021
         591  -6.0316591908081306E+021
         592  -5.9457064127791890E+021
         593  -5.8623466296536728E+021
         594  -5.7815013711040437E+021
         595  -5.7030948845899974E+021
         596  -5.6270534543191531E+021
         597  -5.5533056015847045E+021
         598  -5.4817823269271120E+021
         599  -5.4124167294602141E+021
         600  -5.3451436960458924E+021
         601  -5.2798735080894413E+021
         602  -5.2165458439746187E+021
         603  -5.1551291748893380E+021
         604  -5.0955658714113534E+021
         605  -5.0377755820390477E+021
         606  -4.9817049692579803E+021
         607  -4.9273036233084827E+021
         608  -4.8745213392129979E+021
         609  -4.8233103149879106E+021
         610  -4.7736231156623532E+021
         611  -4.7254151557284333E+021
         612  -4.6786418335543596E+021
         613  -4.6332608676334435E+021
         614  -4.5892303068376439E+021
         615  -4.5465103995267989E+021
         616  -4.5050439083727452E+021
         617  -4.4647935846797174E+021
         618  -4.4257410504869581E+021
         619  -4.3878512504791892E+021
         620  -4.3510725206226659E+021
         621  -4.3153723988107880E+021
         622  -4.2807192595956168E+021
         623  -4.2470824074700684E+021
         624  -4.2144317113266010E+021
         625  -4.1827381700469452E+021
         626  -4.1519739857234748E+021
         627  -4.1221119640193555E+021
         628  -4.0931255050323336E+021
         629  -4.0649889956737387E+021
         630  -4.0376775833962110E+021
         631  -4.0111544396297798E+021
         632  -3.9853963717438776E+021
         633  -3.9603934875066591E+021
         634  -3.9361119308253894E+021
         635  -3.9125316740266606E+021
         636  -3.8896396452230647E+021
         637  -3.8674101651399026E+021
         638  -3.8458239903557584E+021
         639  -3.8248613975248093E+021
         640  -3.8045033253684322E+021
         641  -3.7847322897987304E+021
         642  -3.7655313127671590E+021
         643  -3.7468830289883394E+021
         644  -3.7287696461239875E+021
         645  -3.7111757571658419E+021
         646  -3.6940864402179013E+021
         647  -3.6774863531549797E+021
         648  -3.6613614442189863E+021
         649  -3.6456972410808361E+021
         650  -3.6304797528352841E+021
         651  -3.6156963534589689E+021
         652  -3.6013337507518743E+021
         653  -3.5873799118599472E+021
         654  -3.5738232839573162E+021
         655  -3.5606511024926171E+021
         656  -3.5478523650029099E+021
         657  -3.5354164642305346E+021
         658  -3.5233317979839686E+021
         659  -3.5115883965308380E+021
         660  -3.5001766459950015E+021
         661  -3.4890865104182114E+021
         662  -3.4783088983112344E+021
         663  -3.4678344052198794E+021
         664  -3.4576539040062411E+021
         665  -3.4477591154620676E+021
         666  -3.4381419959856168E+021
         667  -3.4287942107435363E+021
         668  -3.4197076427641360E+021
         669  -3.4108749708609517E+021
         670  -3.4022891099766066E+021
         671  -3.3939426433918399E+021
         672  -3.3858283703337694E+021
         673  -3.3779398346528915E+021
         674  -3.3702702913138522E+021
         675  -3.3628131707183358E+021
         676  -3.3555625683456235E+021
         677  -3.3485127952995734E+021
         678  -3.3416582728542658E+021
         679  -3.3349931770554540E+021
         680  -3.3285118573431903E+021
         681  -3.3222087830626349E+021
         682  -3.3160790664663049E+021
         683  -3.3101179529526426E+021
         684  -3.3043204061204017E+021
         685  -3.2986819261435903E+021
         686  -3.2931977553644361E+021
         687  -3.2878636876252400E+021
         688  -3.2826756114816985E+021
         689  -3.2776288184026561E+021
         690  -3.2727194735005490E+021
         691  -3.2679438438524702E+021
         692  -3.2632979538133301E+021
         693  -3.2587782670803985E+021
         694  -3.2543813572843479E+021
         695  -3.2501035851068819E+021
         696  -3.2459414160862159E+021
         697  -3.2418917163706892E+021
         698  -3.2379514494172471E+021
         699  -3.2341173804916277E+021
         700  -3.2303866323267072E+021
         701  -3.2267564543896663E+021
         702  -3.2232236004325909E+021
         703  -3.2197854454540104E+021
         704  -3.2164394715399895E+021
         705  -3.2131831736702452E+021
         706  -3.2100139141764450E+021
         707  -3.2069291525625238E+021
         708  -3.2039268455996446E+021
         709  -3.2010045657574309E+021
         710  -3.1981599747599851E+021
         711  -3.1953910010931404E+021
         712  -3.1926954052564440E+021
         713  -3.1900712461933866E+021
         714  -3.1875166480439622E+021
         715  -3.1850295594354648E+021
         716  -3.1826081817458833E+021
         717  -3.1802505957599446E+021
         718  -3.1779551214274541E+021
         719  -3.1757201277470313E+021
         720  -3.1735438467305528E+021
         721  -3.1714247116600414E+021
         722  -3.1693610575366088E+021
         723  -3.1673514381436398E+021
         724  -3.1653944382079988E+021
         725  -3.1634885220875832E+021
         726  -3.1616323575190027E+021
         727  -3.1598244929263580E+021
         728  -3.1580636646877194E+021
         729  -3.1563486490825316E+021
         730  -3.1546781082200540E+021
         731  -3.1530509015371539E+021
         732  -3.1514657677304324E+021
         733  -3.1499215925970070E+021
         734  -3.1484173214519441E+021
         735  -3.1469518053478598E+021
         736  -3.1455240392851587E+021
         737  -3.1441330490411828E+021
         738  -3.1427777694779300E+021
         739  -3.1414572824793517E+021
         740  -3.1401706953900389E+021
         741  -3.1389170183132309E+021
         742  -3.1376954105270260E+021
         743  -3.1365049531106129E+021
         744  -3.1353448477450589E+021
         745  -3.1342143135769155E+021
         746  -3.1331124916528003E+021
         747  -3.1320386540530633E+021
         748  -3.1309920887582590E+021
         749  -3.1299720061587455E+021
         750  -3.1289777350740064E+021
         751  -3.1280086233234974E+021
         752  -3.1270639412991377E+021
         753  -3.1261430741117724E+021
         754  -3.1252454201574262E+021
         755  -3.1243703144739373E+021
         756  -3.1235171900862733E+021
         757  -3.1226854898011367E+021
         758  -3.1218745932607238E+021
         759  -3.1210839790127289E+021
         760  -3.1203130669892166E+021
         761  -3.1195613651225170E+021
         762  -3.1188283902750983E+021
         763  -3.1181136785312040E+021
         764  -3.1174167775856160E+021
         765  -3.1167371675910878E+021
         766  -3.1160744188619580E+021
         767  -3.1154280515500114E+021
         768  -3.1147976588500061E+021
         769  -3.1141828425725074E+021
         770  -3.1135831539948921E+021
         771  -3.1129982240383938E+021
         772  -3.1124276891009134E+021
         773  -3.1118711908710199E+021
         774  -3.1113283251327137E+021
         775  -3.1107987606726902E+021
         776  -3.1102821728093822E+021
         777  -3.1097781832714903E+021
         778  -3.1092864885315197E+021
         779  -3.1088067887007594E+021
         780  -3.1083387877755249E+021
         781  -3.1078821521904784E+021
         782  -3.1074366056402654E+021
         783  -3.1070018765939723E+021
         784  -3.1065776556505547E+021
         785  -3.1061636895959800E+021
         786  -3.1057597272939488E+021
         787  -3.1053655297697487E+021
         788  -3.1049808160615977E+021
         789  -3.1046053553434982E+021
         790  -3.1042389283212598E+021
         791  -3.1038812742507834E+021
         792  -3.1035321803567530E+021
         793  -3.1031914439595771E+021
         794  -3.1028588656392436E+021
         795  -3.1025342480740778E+021
         796  -3.1022173647885283E+021
         797  -3.1019079927969832E+021
         798  -3.1016059910462054E+021
         799  -3.1013111846802450E+021
         800  -3.1010233640851645E+021
         801  -3.1007423659744826E+021
         802  -3.1004679940513297E+021
         803  -3.1002000912620118E+021
         804  -3.0999385060374557E+021
         805  -3.0996830888888270E+021
         806  -3.0994336944483798E+021
         807  -3.0991901491608232E+021
         808  -3.0989523162720030E+021
         809  -3.0987200602164958E+021
         810  -3.0984932520917011E+021
         811  -3.0982717346610802E+021
         812  -3.0980553839630971E+021
         813  -3.0978440805011334E+021
         814  -3.0976376780728356E+021
         815  -3.0974360629955626E+021
         816  -3.0972391514974816E+021
         817  -3.0970468080533955E+021
         818  -3.0968589001264784E+021
         819  -3.0966753513293753E+021
         820  -3.0964960354325758E+021
         821  -3.0963208550398894E+021
         822  -3.0961497151476125E+021
         823  -3.0959824984724052E+021
         824  -3.0958191389500485E+021
         825  -3.0956595479346566E+021
         826  -3.0955036162398701E+021
         827  -3.0953512376837158E+021
         828  -3.0952023310375814E+021
         829  -3.0950568388196680E+021
         830  -3.0949146623099887E+021
         831  -3.0947757054150710E+021
         832  -3.0946399150567137E+021
         833  -3.0945072197735840E+021
         834  -3.0943775294060364E+021
         835  -3.0942507760531968E+021
         836  -3.0941268934266900E+021
         837  -3.0940057980272944E+021
         838  -3.0938874270766795E+021
         839  -3.0937717203422523E+021
         840  -3.0936586170134692E+021
         841  -3.0935480586814515E+021
         842  -3.0934399712362344E+021
         843  -3.0933342994418688E+021
         844  -3.0932309900799398E+021
         845  -3.0931299899458270E+021
         846  -3.0930312473892901E+021
         847  -3.0929347128070871E+021
         848  -3.0928403366105632E+021
         849  -3.0927480554806030E+021
         850  -3.0926578229991052E+021
         851  -3.0925695936807174E+021
         852  -3.0924833089921551E+021
         853  -3.0923989260124899E+021
         854  -3.0923164037515927E+021
         855  -3.0922357002395813E+021
         856  -3.0921567759056319E+021
         857  -3.0920795915314560E+021
         858  -3.0920041088644258E+021
         859  -3.0919302780776371E+021
         860  -3.0918580627869737E+021
         861  -3.0917874285325231E+021
         862  -3.0917183276830394E+021
         863  -3.0916507392705194E+021
         864  -3.0915846307826416E+021
         865  -3.0915199585004903E+021
         866  -3.0914566906469270E+021
         867  -3.0913947969759761E+021
         868  -3.0913342482443440E+021
         869  -3.0912750041771677E+021
         870  -3.0912170365615829E+021
         871  -3.0911603183147638E+021
         872  -3.0911048222738481E+021
         873  -3.0910505221529052E+021
         874  -3.0909973928843034E+021
         875  -3.0909454091914974E+021
         876  -3.0908945365198669E+021
         877  -3.0908447513195698E+021
         878  -3.0907960304642965E+021
         879  -3.0907483512769557E+021
         880  -3.0907016913923442E+021
         881  -3.0906560206696596E+021
         882  -3.0906113178391743E+021
         883  -3.0905675711248455E+021
         884  -3.0905247520086777E+021
         885  -3.0904828406125450E+021
         886  -3.0904418178632395E+021
         887  -3.0904016571119022E+021
         888  -3.0903623398280475E+021
         889  -3.0903238486620651E+021
         890  -3.0902861742265006E+021
         891  -3.0902492915673150E+021
         892  -3.0902131764701231E+021
         893  -3.0901778207099925E+021
         894  -3.0901432081421891E+021
         895  -3.0901093232768555E+021
         896  -3.0900761443251824E+021
         897  -3.0900436561031363E+021
         898  -3.0900118445606384E+021
         899  -3.0899806955950456E+021
         900  -3.0899501957405286E+021
         901  -3.0899203245969517E+021
         902  -3.0898910697773775E+021
         903  -3.0898624182210999E+021
         904  -3.0898343574997115E+021
         905  -3.0898068759318469E+021
         906  -3.0897799615192808E+021
         907  -3.0897536024626138E+021
         908  -3.0897277873019326E+021
         909  -3.0897024994991879E+021
         910  -3.0896777282613475E+021
         911  -3.0896534683989694E+021
         912  -3.0896297041183758E+021
         913  -3.0896064254235189E+021
         914  -3.0895836226918028E+021
         915  -3.0895612805759023E+021
         916  -3.0895393897879201E+021
         917  -3.0895179466840689E+021
         918  -3.0894969421935175E+021
         919  -3.0894763623906515E+021
         920  -3.0894561985062188E+021
         921  -3.0894364426472952E+021
         922  -3.0894170815838704E+021
         923  -3.0893981076863168E+021
         924  -3.0893795175314122E+021
         925  -3.0893613034983611E+021
         926  -3.0893434538616674E+021
         927  -3.0893259612794619E+021
         928  -3.0893088185247240E+021
         929  -3.0892920186716485E+021
         930  -3.0892755550245487E+021
         931  -3.0892594168387270E+021
         932  -3.0892436016203490E+021
         933  -3.0892281029664314E+021
         934  -3.0892129107718213E+021
         935  -3.0891980189941933E+021
         936  -3.0891834216959742E+021
         937  -3.0891691131110042E+021
         938  -3.0891550875187109E+021
         939  -3.0891413395603760E+021
         940  -3.0891278600586464E+021
         941  -3.0891146437155829E+021
         942  -3.0891016891288125E+021
         943  -3.0890889875428103E+021
         944  -3.0890765340327894E+021
         945  -3.0890643274950860E+021
         946  -3.0890523594871412E+021
         947  -3.0890406220192500E+021
         948  -3.0890291142263890E+021
         949  -3.0890178314114795E+021
         950  -3.0890067660485008E+021
         951  -3.0889959173663516E+021
         952  -3.0889852809206814E+021
         953  -3.0889748498652804E+021
         954  -3.0889646199668254E+021
         955  -3.0889545874367819E+021
         956  -3.0889447487628462E+021
         957  -3.0889350999436925E+021
         958  -3.0889256347971150E+021
         959  -3.0889163497043992E+021
         960  -3.0889072439127389E+021
         961  -3.0888983142547058E+021
         962  -3.0888895544076214E+021
         963  -3.0888809614648127E+021
         964  -3.0888725321233109E+021
         965  -3.0888642633518164E+021
         966  -3.0888561520719991E+021
         967  -3.0888481952341358E+021
         968  -3.0888403901495970E+021
         969  -3.0888327314178976E+021
         970  -3.0888252187771541E+021
         971  -3.0888178493500618E+021
         972  -3.0888106183387104E+021
         973  -3.0888035230105490E+021
         974  -3.0887965608166797E+021
         975  -3.0887897294438515E+021
         976  -3.0887830262559696E+021
         977  -3.0887764489817476E+021
         978  -3.0887699954107563E+021
         979  -3.0887636630976814E+021
         980  -3.0887574498931366E+021
         981  -3.0887513513803954E+021
         982  -3.0887453656363633E+021
         983  -3.0887394923900515E+021
         984  -3.0887337277374427E+021
         985  -3.0887280697702943E+021
         986  -3.0887225183049928E+021
         987  -3.0887170696338095E+021
         988  -3.0887117197826835E+021
         989  -3.0887064689920269E+021
         990  -3.0887013155119091E+021
         991  -3.0886962573368235E+021
         992  -3.0886912930107134E+021
         993  -3.0886864188360370E+021
         994  -3.0886816333124584E+021
         995  -3.0886769365512581E+021
         996  -3.0886723268301370E+021
         997  -3.0886678011023296E+021
         998  -3.0886633575795377E+021
         999  -3.0886589951642158E+021
        1000  -3.0886547119912680E+021
        1001  -3.0886505069609185E+021
        1002  -3.0886463784545272E+021
        1003  -3.0886423237599130E+021
        1004  -3.0886383414081356E+021
        1005  -3.0886344317484789E+021
        1006  -3.0886305932671724E+021
        1007  -3.0886268249346608E+021
        1008  -3.0886231239038704E+021
        1009  -3.0886194890931417E+021
        1010  -3.0886159191584906E+021
        1011  -3.0886124131926509E+021
        1012  -3.0886089699096343E+021
        1013  -3.0886055883299472E+021
        1014  -3.0886022671855722E+021
        1015  -3.0885990055214590E+021
        1016  -3.0885958023912767E+021
        1017  -3.0885926565114009E+021
        1018  -3.0885895670776846E+021
        1019  -3.0885865318862003E+021
        1020  -3.0885835498599848E+021
        1021  -3.0885806212542686E+021
        1022  -3.0885777452686120E+021
        1023  -3.0885749197981918E+021
        1024  -3.0885721438330007E+021
        1025  -3.0885694166389946E+021
        1026  -3.0885667373604594E+021
        1027  -3.0885641051665990E+021
        1028  -3.0885615192009422E+021
        1029  -3.0885589786935957E+021
        1030  -3.0885564828530607E+021
        1031  -3.0885540309018676E+021
        1032  -3.0885516220432741E+021
        1033  -3.0885492546371615E+021
        1034  -3.0885469278655511E+021
        1035  -3.0885446420365464E+021
        1036  -3.0885423965447258E+021
        1037  -3.0885401895263708E+021
        1038  -3.0885380205874302E+021
        1039  -3.0885358898478622E+021
        1040  -3.0885337956923311E+021
        1041  -3.0885317375910446E+021
        1042  -3.0885297149701511E+021
        1043  -3.0885277272099159E+021
        1044  -3.0885257737083536E+021
        1045  -3.0885238537531199E+021
        1046  -3.0885219668777034E+021
        1047  -3.0885201117979958E+021
        1048  -3.0885182886451442E+021
        1049  -3.0885164968902845E+021
        1050  -3.0885147351852285E+021
        1051  -3.0885130039783472E+021
        1052  -3.0885113027088708E+021
        1053  -3.0885096300065865E+021
        1054  -3.0885079853729002E+021
        1055  -3.0885063683582754E+021
        1056  -3.0885047786357134E+021
        1057  -3.0885032156161523E+021
        1058  -3.0885016796298803E+021
        1059  -3.0885001699255706E+021
        1060  -3.0884986852362866E+021
        1061  -3.0884972256366355E+021
        1062  -3.0884957904452500E+021
        1063  -3.0884943793536248E+021
        1064  -3.0884929921261822E+021
        1065  -3.0884916279607186E+021
        1066  -3.0884902867298036E+021
        1067  -3.0884889679313586E+021
        1068  -3.0884876710387222E+021
        1069  -3.0884863957093418E+021
        1070  -3.0884851417166811E+021
        1071  -3.0884839085803873E+021
        1072  -3.0884826958271349E+021
        1073  -3.0884815031068315E+021
        1074  -3.0884803302383204E+021
        1075  -3.0884791766371664E+021
        1076  -3.0884780422540558E+021
        1077  -3.0884769265131863E+021
        1078  -3.0884758291077928E+021
        1079  -3.0884747498690645E+021
        1080  -3.0884736882545331E+021
        1081  -3.0884726442418965E+021
        1082  -3.0884716171505503E+021
        1083  -3.0884706069714683E+021
        1084  -3.0884696133154164E+021
        1085  -3.0884686359161298E+021
        1086  -3.0884676743792663E+021
        1087  -3.0884667285898705E+021
        1088  -3.0884657980452577E+021
        1089  -3.0884648827640464E+021
        1090  -3.0884639823722075E+021
        1091  -3.0884630964976248E+021
        1092  -3.0884622250563915E+021
        1093  -3.0884613675662207E+021
        1094  -3.0884605240677876E+021
        1095  -3.0884596941084290E+021
        1096  -3.0884588774731201E+021
        1097  -3.0884580740363154E+021
        1098  -3.0884572834063115E+021
        1099  -3.0884565056089904E+021
        1100  -3.0884557401770987E+021
        1101  -3.0884549870851216E+021
        1102  -3.0884542460078331E+021
        1103  -3.0884535167456489E+021
        1104  -3.0884527991644110E+021
        1105  -3.0884520930395674E+021
        1106  -3.0884513981021117E+021
        1107  -3.0884507141764903E+021
        1108  -3.0884500410807280E+021
        1109  -3.0884493787012551E+021
        1110  -3.0884487269580596E+021
        1111  -3.0884480853370297E+021
        1112  -3.0884474539432854E+021
        1113  -3.0884468323962527E+021
        1114  -3.0884462207656636E+021
        1115  -3.0884456186857018E+021
        1116  -3.0884450260086308E+021
        1117  -3.0884444427206189E+021
        1118  -3.0884438685381511E+021
        1119  -3.0884433034600382E+021
        1120  -3.0884427471392111E+021
        1121  -3.0884421994403998E+021
        1122  -3.0884416603631214E+021
        1123  -3.0884411297686550E+021
        1124  -3.0884406073306865E+021
        1125  -3.0884400929958464E+021
        1126  -3.0884395867007542E+021
        1127  -3.0884390881914787E+021
        1128  -3.0884385974811901E+021
        1129  -3.0884381142441557E+021
        1130  -3.0884376385735906E+021
        1131  -3.0884371702881630E+021
        1132  -3.0884367091445950E+021
        1133  -3.0884362550339111E+021
        1134  -3.0884358079814372E+021
        1135  -3.0884353678112661E+021
        1136  -3.0884349343579803E+021
        1137  -3.0884345075885843E+021
        1138  -3.0884340874039871E+021
        1139  -3.0884336734408121E+021
        1140  -3.0884332659336130E+021
        1141  -3.0884328645902803E+021
        1142  -3.0884324693897065E+021
        1143  -3.0884320802414610E+021
        1144  -3.0884316969233631E+021
        1145  -3.0884313194803186E+021
        1146  -3.0884309476880511E+021
        1147  -3.0884305815418868E+021
        1148  -3.0884302209593005E+021
        1149  -3.0884298657820217E+021
        1150  -3.0884295160060287E+021
        1151  -3.0884291714976574E+021
        1152  -3.0884288321015293E+021
        1153  -3.0884284978156740E+021
        1154  -3.0884281686233794E+021
        1155  -3.0884278442652850E+021
        1156  -3.0884275249344639E+021
        1157  -3.0884272101621162E+021
        1158  -3.0884269002252280E+021
        1159  -3.0884265948411084E+021
        1160  -3.0884262940248412E+021
        1161  -3.0884259977557144E+021
        1162  -3.0884257059232300E+021
        1163  -3.0884254183309506E+021
        1164  -3.0884251350008815E+021
        1165  -3.0884248557866802E+021
        1166  -3.0884245808925282E+021
        1167  -3.0884243099467283E+021
        1168  -3.0884240430200505E+021
        1169  -3.0884237800586928E+021
        1170  -3.0884235208736291E+021
        1171  -3.0884232655416375E+021
        1172  -3.0884230140964063E+021
        1173  -3.0884227661305762E+021
        1174  -3.0884225219455075E+021
        1175  -3.0884222812244059E+021
        1176  -3.0884220440489351E+021
        1177  -3.0884218103691016E+021
        1178  -3.0884215801354618E+021
        1179  -3.0884213532551786E+021
        1180  -3.0884211295924912E+021
        1181  -3.0884209091924166E+021
        1182  -3.0884206920092342E+021
        1183  -3.0884204779978144E+021
        1184  -3.0884202669812340E+021
        1185  -3.0884200591809352E+021
        1186  -3.0884198542886342E+021
        1187  -3.0884196523564042E+021
        1188  -3.0884194533808202E+021
        1189  -3.0884192572833126E+021
        1190  -3.0884190638913660E+021
        1191  -3.0884188734308189E+021
        1192  -3.0884186855977029E+021
        1193  -3.0884185004864087E+021
        1194  -3.0884183180237304E+021
        1195  -3.0884181382084517E+021
        1196  -3.0884179608365092E+021
        1197  -3.0884177861377435E+021
        1198  -3.0884176138120572E+021
        1199  -3.0884174439576649E+021
        1200  -3.0884172765406801E+021
        1201  -3.0884171115277415E+021
        1202  -3.0884169488529873E+021
        1203  -3.0884167885172103E+021
        1204  -3.0884166303235477E+021
        1205  -3.0884164743736596E+021
        1206  -3.0884163207696655E+021
        1207  -3.0884161692163548E+021
        1208  -3.0884160198166944E+021
        1209  -3.0884158725414972E+021
        1210  -3.0884157272293743E+021
        1211  -3.0884155840869260E+021
        1212  -3.0884154428534439E+021
        1213  -3.0884153037349118E+021
        1214  -3.0884151664395000E+021
        1215  -3.0884150310735509E+021
        1216  -3.0884148976111641E+021
        1217  -3.0884147660268120E+021
        1218  -3.0884146362953294E+021
        1219  -3.0884145083638575E+021
        1220  -3.0884143822362352E+021
        1221  -3.0884142577299174E+021
        1222  -3.0884141350850763E+021
        1223  -3.0884140140135648E+021
        1224  -3.0884138946521260E+021
        1225  -3.0884137769514078E+021
        1226  -3.0884136608647076E+021
        1227  -3.0884135463952297E+021
        1228  -3.0884134335215766E+021
        1229  -3.0884133221970519E+021
        1230  -3.0884132124266463E+021
        1231  -3.0884131040336145E+021
        1232  -3.0884129972618600E+021
        1233  -3.0884128918266629E+021
        1234  -3.0884127879739631E+021
        1235  -3.0884126854209885E+021
        1236  -3.0884125842801841E+021
        1237  -3.0884124846656790E+021
        1238  -3.0884123862705032E+021
        1239  -3.0884122892344078E+021
        1240  -3.0884121935151613E+021
        1241  -3.0884120989631025E+021
        1242  -3.0884120058505949E+021
        1243  -3.0884119140042125E+021
        1244  -3.0884118234075790E+021
        1245  -3.0884117339131703E+021
        1246  -3.0884116457470653E+021
        1247  -3.0884115586504789E+021
        1248  -3.0884114727416748E+021
        1249  -3.0884113881154029E+021
        1250  -3.0884113045129239E+021
        1251  -3.0884112220320988E+021
        1252  -3.0884111406574611E+021
        1253  -3.0884110603759853E+021
        1254  -3.0884109811726119E+021
        1255  -3.0884109030335877E+021
        1256  -3.0884108259464047E+021
        1257  -3.0884107498966064E+021
        1258  -3.0884106748720138E+021
        1259  -3.0884106008390108E+021
        1260  -3.0884105276728630E+021
        1261  -3.0884104556058452E+021
        1262  -3.0884103845122173E+021
        1263  -3.0884103142291213E+021
        1264  -3.0884102450088798E+021
        1265  -3.0884101765755668E+021
        1266  -3.0884101090492752E+021
        1267  -3.0884100425511999E+021
        1268  -3.0884099768058045E+021
        1269  -3.0884099119336726E+021
        1270  -3.0884098479060859E+021
        1271  -3.0884097847310172E+021
        1272  -3.0884097225120547E+021
        1273  -3.0884096609919319E+021
        1274  -3.0884096002748360E+021
        1275  -3.0884095403508037E+021
        1276  -3.0884094810782192E+021
        1277  -3.0884094227117428E+021
        1278  -3.0884093651092001E+021
        1279  -3.0884093082619153E+021
        1280  -3.0884092521597659E+021
        1281  -3.0884091966609493E+021
        1282  -3.0884091420062861E+021
        1283  -3.0884090880696144E+021
        1284  -3.0884090347094813E+021
        1285  -3.0884089821667011E+021
        1286  -3.0884089303003085E+021
        1287  -3.0884088789848183E+021
        1288  -3.0884088284617680E+021
        1289  -3.0884087784579200E+021
        1290  -3.0884087290979214E+021
        1291  -3.0884086805065242E+021
        1292  -3.0884086324107972E+021
        1293  -3.0884085849356889E+021
        1294  -3.0884085381917542E+021
        1295  -3.0884084919209694E+021
        1296  -3.0884084462485714E+021
        1297  -3.0884084011525394E+021
        1298  -3.0884083566406192E+021
        1299  -3.0884083126911857E+021
        1300  -3.0884082694306828E+021
        1301  -3.0884082266003409E+021
        1302  -3.0884081843129627E+021
        1303  -3.0884081425615002E+021
        1304  -3.0884081013395088E+021
        1305  -3.0884080606406577E+021
        1306  -3.0884080203261333E+021
        1307  -3.0884079806549197E+021
        1308  -3.0884079414754080E+021
        1309  -3.0884079027946369E+021
        1310  -3.0884078646066298E+021
        1311  -3.0884078268924213E+021
        1312  -3.0884077895268229E+021
        1313  -3.0884077527564194E+021
        1314  -3.0884077164554507E+021
        1315  -3.0884076806066605E+021
        1316  -3.0884076450716162E+021
        1317  -3.0884076101102983E+021
        1318  -3.0884075754518662E+021
        1319  -3.0884075413568466E+021
        1320  -3.0884075076871646E+021
        1321  -3.0884074743057062E+021
        1322  -3.0884074414722515E+021
        1323  -3.0884074089167905E+021
        1324  -3.0884073768997177E+021
        1325  -3.0884073451398349E+021
        1326  -3.0884073139090154E+021
        1327  -3.0884072829259287E+021
        1328  -3.0884072524623947E+021
        1329  -3.0884072222382170E+021
        1330  -3.0884071923917285E+021
        1331  -3.0884071630407918E+021
        1332  -3.0884071339160497E+021
        1333  -3.0884071051455837E+021
        1334  -3.0884070768579287E+021
        1335  -3.0884070487839149E+021
        1336  -3.0884070210521436E+021
        1337  -3.0884069937912967E+021
        1338  -3.0884069667319469E+021
        1339  -3.0884069400029073E+021
        1340  -3.0884069136003828E+021
        1341  -3.0884068875107314E+021
        1342  -3.0884068618728689E+021
        1343  -3.0884068364176563E+021
        1344  -3.0884068112643528E+021
        1345  -3.0884067864189102E+021
        1346  -3.0884067618685977E+021
        1347  -3.0884067376192495E+021
        1348  -3.0884067136580559E+021
        1349  -3.0884066899817949E+021
        1350  -3.0884066665872795E+021
        1351  -3.0884066434710482E+021
        1352  -3.0884066206391515E+021
        1353  -3.0884065982118961E+021
        1354  -3.0884065759207584E+021
        1355  -3.0884065537627511E+021
        1356  -3.0884065319912300E+021
        1357  -3.0884065104796320E+021
        1358  -3.0884064892250735E+021
        1359  -3.0884064682244456E+021
        1360  -3.0884064474662898E+021
        1361  -3.0884064269565145E+021
        1362  -3.0884064066921263E+021
        1363  -3.0884063866619597E+021
        1364  -3.0884063668718603E+021
        1365  -3.0884063473108753E+021
        1366  -3.0884063279844688E+021
        1367  -3.0884063087495694E+021
        1368  -3.0884062898686730E+021
        1369  -3.0884062712065289E+021
        1370  -3.0884062527690344E+021
        1371  -3.0884062345455254E+021
        1372  -3.0884062164010942E+021
        1373  -3.0884061985986435E+021
        1374  -3.0884061810033196E+021
        1375  -3.0884061636126499E+021
        1376  -3.0884061462920970E+021
        1377  -3.0884061292967918E+021
        1378  -3.0884061124996838E+021
        1379  -3.0884060958983900E+021
        1380  -3.0884060793584657E+021
        1381  -3.0884060631353970E+021
        1382  -3.0884060471019643E+021
        1383  -3.0884060311162716E+021
        1384  -3.0884060154488485E+021
        1385  -3.0884059999579469E+021
        1386  -3.0884059845160201E+021
        1387  -3.0884059693794350E+021
        1388  -3.0884059544206159E+021
        1389  -3.0884059394981075E+021
        1390  -3.0884059248751254E+021
        1391  -3.0884059104174984E+021
        1392  -3.0884058959907264E+021
        1393  -3.0884058818582885E+021
        1394  -3.0884058677533024E+021
        1395  -3.0884058539392846E+021
        1396  -3.0884058402820084E+021
        1397  -3.0884058266472195E+021
        1398  -3.0884058132983306E+021
        1399  -3.0884057999685326E+021
        1400  -3.0884057869214595E+021
        1401  -3.0884057738839274E+021
        1402  -3.0884057611260574E+021
        1403  -3.0884057485135572E+021
        1404  -3.0884057359061924E+021
        1405  -3.0884057235738576E+021
        1406  -3.0884057112436503E+021
        1407  -3.0884056991855810E+021
        1408  -3.0884056871267027E+021
        1409  -3.0884056753310474E+021
        1410  -3.0884056635379842E+021
        1411  -3.0884056520054596E+021
        1412  -3.0884056404668512E+021
        1413  -3.0884056291860414E+021
        1414  -3.0884056179023298E+021
        1415  -3.0884056067412596E+021
        1416  -3.0884055958340585E+021
        1417  -3.0884055849144576E+021
        1418  -3.0884055742462862E+021
        1419  -3.0884055635574637E+021
        1420  -3.0884055531177226E+021
        1421  -3.0884055426605808E+021
        1422  -3.0884055323175913E+021
        1423  -3.0884055222200838E+021
        1424  -3.0884055120962309E+021
        1425  -3.0884055022156403E+021
        1426  -3.0884054923120135E+021
        1427  -3.0884054826439127E+021
        1428  -3.0884054729506271E+021
        1429  -3.0884054633582203E+021
        1430  -3.0884054539983174E+021
        1431  -3.0884054446099829E+021
        1432  -3.0884054353195707E+021
        1433  -3.0884054262585916E+021
        1434  -3.0884054171660426E+021
        1435  -3.0884054081685328E+021
        1436  -3.0884053993974881E+021
        1437  -3.0884053905869421E+021
        1438  -3.0884053820010387E+021
        1439  -3.0884053733738063E+021
        1440  -3.0884053648368557E+021
        1441  -3.0884053565218834E+021
        1442  -3.0884053481629611E+021
        1443  -3.0884053398868297E+021
        1444  -3.0884053318301437E+021
        1445  -3.0884053237268726E+021
        1446  -3.0884053157086694E+021
        1447  -3.0884053077724942E+021
        1448  -3.0884053000505514E+021
        1449  -3.0884052922768451E+021
        1450  -3.0884052845878150E+021
        1451  -3.0884052771105916E+021
        1452  -3.0884052695792044E+021
        1453  -3.0884052621254931E+021
        1454  -3.0884052548812690E+021
        1455  -3.0884052475850759E+021
        1456  -3.0884052403642575E+021
        1457  -3.0884052332180543E+021
        1458  -3.0884052262783455E+021
        1459  -3.0884052192791987E+021
        1460  -3.0884052123525075E+021
        1461  -3.0884052054975437E+021
        1462  -3.0884051988462164E+021
        1463  -3.0884051921326225E+021
        1464  -3.0884051854886856E+021
        1465  -3.0884051790463191E+021
        1466  -3.0884051725396408E+021
        1467  -3.0884051661005961E+021
        1468  -3.0884051597285073E+021
        1469  -3.0884051535553312E+021
        1470  -3.0884051473152328E+021
        1471  -3.0884051411401483E+021
        1472  -3.0884051350294616E+021
        1473  -3.0884051291151228E+021
        1474  -3.0884051231313389E+021
        1475  -3.0884051172100732E+021
        1476  -3.0884051113468258E+021
        1477  -3.0884051055449122E+021
        1478  -3.0884050999363313E+021
        1479  -3.0884050942553201E+021
        1480  -3.0884050886338743E+021
        1481  -3.0884050830676313E+021
        1482  -3.0884050776924393E+021
        1483  -3.0884050722425264E+021
        1484  -3.0884050668499270E+021
        1485  -3.0884050615103987E+021
        1486  -3.0884050562271045E+021
        1487  -3.0884050511320952E+021
        1488  -3.0884050459560268E+021
        1489  -3.0884050408346013E+021
        1490  -3.0884050357672765E+021
        1491  -3.0884050307499971E+021
        1492  -3.0884050259184127E+021
        1493  -3.0884050210033039E+021
        1494  -3.0884050161402994E+021
        1495  -3.0884050113254245E+021
        1496  -3.0884050065616782E+021
        1497  -3.0884050018485550E+021
        1498  -3.0884049973147693E+021
        1499  -3.0884049926980648E+021
        1500  -3.0884049881272093E+021
        1501  -3.0884049836051021E+021
        1502  -3.0884049791279683E+021
        1503  -3.0884049748279805E+021
        1504  -3.0884049704428005E+021
        1505  -3.0884049661013220E+021
        1506  -3.0884049618063490E+021
        1507  -3.0884049575542448E+021
        1508  -3.0884049533445955E+021
        1509  -3.0884049493127793E+021
        1510  -3.0884049451900144E+021
        1511  -3.0884049411085078E+021
        1512  -3.0884049370709964E+021
        1513  -3.0884049330739583E+021
        1514  -3.0884049291170173E+021
        1515  -3.0884049252028514E+021
        1516  -3.0884049214606153E+021
        1517  -3.0884049176247544E+021
        1518  -3.0884049138274895E+021
        1519  -3.0884049100714504E+021
        1520  -3.0884049063532885E+021
        1521  -3.0884049026726389E+021
        1522  -3.0884048990291671E+021
        1523  -3.0884048955551100E+021
        1524  -3.0884048919849510E+021
        1525  -3.0884048884538026E+021
        1526  -3.0884048849584443E+021
        1527  -3.0884048814985582E+021
        1528  -3.0884048780738036E+021
        1529  -3.0884048746838559E+021
        1530  -3.0884048714609889E+021
        1531  -3.0884048681396952E+021
        1532  -3.0884048648522543E+021
        1533  -3.0884048615983541E+021
        1534  -3.0884048583776739E+021
        1535  -3.0884048551899195E+021
        1536  -3.0884048520347879E+021
        1537  -3.0884048489119671E+021
        1538  -3.0884048459537669E+021
        1539  -3.0884048428947032E+021
        1540  -3.0884048398670679E+021
        1541  -3.0884048368705722E+021
        1542  -3.0884048339049419E+021
        1543  -3.0884048309698827E+021
        1544  -3.0884048280651144E+021
        1545  -3.0884048251903704E+021
        1546  -3.0884048223428380E+021
        1547  -3.0884048196573814E+021
        1548  -3.0884048168685420E+021
        1549  -3.0884048141086464E+021
        1550  -3.0884048113774310E+021
        1551  -3.0884048086746331E+021
        1552  -3.0884048059975446E+021
        1553  -3.0884048033483713E+021
        1554  -3.0884048007268595E+021
        1555  -3.0884047981327564E+021
        1556  -3.0884047955634202E+021
        1557  -3.0884047931536038E+021
        1558  -3.0884047906378628E+021
        1559  -3.0884047881462198E+021
        1560  -3.0884047856807775E+021
        1561  -3.0884047832412974E+021
        1562  -3.0884047808252540E+021
        1563  -3.0884047784347168E+021
        1564  -3.0884047760694538E+021
        1565  -3.0884047737269770E+021
        1566  -3.0884047714093304E+021
        1567  -3.0884047692488848E+021
        1568  -3.0884047669780074E+021
        1569  -3.0884047647313038E+021
        1570  -3.0884047625063624E+021
        1571  -3.0884047603051717E+021
        1572  -3.0884047581253395E+021
        1573  -3.0884047559688428E+021
        1574  -3.0884047538341853E+021
        1575  -3.0884047517211631E+021
        1576  -3.0884047496298050E+021
        1577  -3.0884047475599097E+021
        1578  -3.0884047455112937E+021
        1579  -3.0884047434835516E+021
        1580  -3.0884047416091004E+021
        1581  -3.0884047396227661E+021
        1582  -3.0884047376567532E+021
        1583  -3.0884047357108814E+021
        1584  -3.0884047337849739E+021
        1585  -3.0884047318786512E+021
        1586  -3.0884047299919495E+021
        1587  -3.0884047281244885E+021
        1588  -3.0884047262762874E+021
        1589  -3.0884047244469873E+021
        1590  -3.0884047226364226E+021
        1591  -3.0884047208444278E+021
        1592  -3.0884047190708396E+021
        1593  -3.0884047174480822E+021
        1594  -3.0884047157108146E+021
        1595  -3.0884047139912821E+021
        1596  -3.0884047122893216E+021
        1597  -3.0884047106049746E+021
        1598  -3.0884047089378918E+021
        1599  -3.0884047072879224E+021
        1600  -3.0884047056549246E+021
        1601  -3.0884047040387419E+021
        1602  -3.0884047024392278E+021
        1603  -3.0884047008560621E+021
        1604  -3.0884046992892761E+021
        1605  -3.0884046977385460E+021
        1606  -3.0884046962037338E+021
        1607  -3.0884046946848777E+021
        1608  -3.0884046931816617E+021
        1609  -3.0884046918263694E+021
        1610  -3.0884046903538530E+021
        1611  -3.0884046888965673E+021
        1612  -3.0884046874542143E+021
        1613  -3.0884046860268360E+021
        1614  -3.0884046846141252E+021
        1615  -3.0884046832161317E+021
        1616  -3.0884046818325593E+021
        1617  -3.0884046804632768E+021
        1618  -3.0884046791081664E+021
        1619  -3.0884046777669339E+021
        1620  -3.0884046764396254E+021
        1621  -3.0884046751261272E+021
        1622  -3.0884046738261494E+021
        1623  -3.0884046725395770E+021
        1624  -3.0884046712664563E+021
        1625  -3.0884046700065173E+021
        1626  -3.0884046687596393E+021
        1627  -3.0884046675257118E+021
        1628  -3.0884046664370592E+021
        1629  -3.0884046652285413E+021
        1630  -3.0884046640326377E+021
        1631  -3.0884046628490911E+021
        1632  -3.0884046616777961E+021
        1633  -3.0884046605188014E+021
        1634  -3.0884046593718495E+021
        1635  -3.0884046582368310E+021
        1636  -3.0884046571136510E+021
        1637  -3.0884046560022023E+021
        1638  -3.0884046549022403E+021
        1639  -3.0884046538138122E+021
        1640  -3.0884046527366761E+021
        1641  -3.0884046516707304E+021
        1642  -3.0884046506160281E+021
        1643  -3.0884046495723333E+021
        1644  -3.0884046485395457E+021
        1645  -3.0884046475175741E+021
        1646  -3.0884046465063274E+021
        1647  -3.0884046455055707E+021
        1648  -3.0884046445153584E+021
        1649  -3.0884046435356015E+021
        1650  -3.0884046425660703E+021
        1651  -3.0884046416066794E+021
        1652  -3.0884046407899373E+021
        1653  -3.0884046398505704E+021
        1654  -3.0884046389210901E+021
        1655  -3.0884046380014072E+021
        1656  -3.0884046370914456E+021
        1657  -3.0884046361909867E+021
        1658  -3.0884046353000820E+021
        1659  -3.0884046344185210E+021
        1660  -3.0884046335463549E+021
        1661  -3.0884046326833763E+021
        1662  -3.0884046318295035E+021
        1663  -3.0884046309846659E+021
        1664  -3.0884046301487830E+021
        1665  -3.0884046293217795E+021
        1666  -3.0884046285034519E+021
        1667  -3.0884046276938616E+021
        1668  -3.0884046268928030E+021
        1669  -3.0884046261003333E+021
        1670  -3.0884046253162533E+021
        1671  -3.0884046245404932E+021
        1672  -3.0884046237729838E+021
        1673  -3.0884046230136564E+021
        1674  -3.0884046222624445E+021
        1675  -3.0884046215192788E+021
        1676  -3.0884046207840902E+021
        1677  -3.0884046200566930E+021
        1678  -3.0884046193371450E+021
        1679  -3.0884046186252563E+021
        1680  -3.0884046179209676E+021
        1681  -3.0884046172243357E+021
        1682  -3.0884046165351738E+021
        1683  -3.0884046159860188E+021
        1684  -3.0884046153114987E+021
        1685  -3.0884046146442662E+021
        1686  -3.0884046139842652E+021
        1687  -3.0884046133314322E+021
        1688  -3.0884046126855933E+021
        1689  -3.0884046120466912E+021
        1690  -3.0884046114147837E+021
        1691  -3.0884046107896982E+021
        1692  -3.0884046101713786E+021
        1693  -3.0884046095597699E+021
        1694  -3.0884046089547038E+021
        1695  -3.0884046083562395E+021
        1696  -3.0884046077643221E+021
        1697  -3.0884046071787878E+021
        1698  -3.0884046065996944E+021
        1699  -3.0884046060268788E+021
        1700  -3.0884046054603998E+021
        1701  -3.0884046049000963E+021
        1702  -3.0884046043459182E+021
        1703  -3.0884046037978149E+021
        1704  -3.0884046032557373E+021
        1705  -3.0884046027195296E+021
        1706  -3.0884046021892500E+021
        1707  -3.0884046016648504E+021
        1708  -3.0884046011461775E+021
        1709  -3.0884046006332896E+021
        1710  -3.0884046001260357E+021
        1711  -3.0884045996243702E+021
        1712  -3.0884045991282470E+021
        1713  -3.0884045986376214E+021
        1714  -3.0884045981524490E+021
        1715  -3.0884045976726856E+021
        1716  -3.0884045971981871E+021
        1717  -3.0884045967290102E+021
        1718  -3.0884045962650127E+021
        1719  -3.0884045958062523E+021
        1720  -3.0884045953525869E+021
        1721  -3.0884045949039757E+021
        1722  -3.0884045944603788E+021
        1723  -3.0884045940218523E+021
        1724  -3.0884045935882587E+021
        1725  -3.0884045931594609E+021
        1726  -3.0884045927355169E+021
        1727  -3.0884045924489830E+021
        1728  -3.0884045920345349E+021
        1729  -3.0884045916248253E+021
        1730  -3.0884045912197216E+021
        1731  -3.0884045908191860E+021
        1732  -3.0884045904232768E+021
        1733  -3.0884045900318622E+021
        1734  -3.0884045896449078E+021
        1735  -3.0884045892623763E+021
        1736  -3.0884045888841418E+021
        1737  -3.0884045885102605E+021
        1738  -3.0884045881406988E+021
        1739  -3.0884045877753304E+021
        1740  -3.0884045874142123E+021
        1741  -3.0884045870572209E+021
        1742  -3.0884045867043243E+021
        1743  -3.0884045863554887E+021
        1744  -3.0884045860106818E+021
        1745  -3.0884045856698721E+021
        1746  -3.0884045853330275E+021
        1747  -3.0884045850001172E+021
        1748  -3.0884045846711087E+021
        1749  -3.0884045843458860E+021
        1750  -3.0884045840245037E+021
        1751  -3.0884045837068466E+021
        1752  -3.0884045833929700E+021
        1753  -3.0884045830827598E+021
        1754  -3.0884045827761861E+021
        1755  -3.0884045824732205E+021
        1756  -3.0884045821738347E+021
        1757  -3.0884045818780005E+021
        1758  -3.0884045815856895E+021
        1759  -3.0884045812967916E+021
        1760  -3.0884045810113619E+021
        1761  -3.0884045807292913E+021
        1762  -3.0884045804506348E+021
        1763  -3.0884045801752845E+021
        1764  -3.0884045799032147E+021
        1765  -3.0884045796343997E+021
        1766  -3.0884045793688929E+021
        1767  -3.0884045791065098E+021
        1768  -3.0884045788473050E+021
        1769  -3.0884045785912542E+021
        1770  -3.0884045783383314E+021
        1771  -3.0884045780884348E+021
        1772  -3.0884045778416184E+021
        1773  -3.0884045775977809E+021
        1774  -3.0884045773569754E+021
        1775  -3.0884045771191023E+021
        1776  -3.0884045768841374E+021
        1777  -3.0884045766520592E+021
        1778  -3.0884045764228447E+021
        1779  -3.0884045761964718E+021
        1780  -3.0884045759729180E+021
        1781  -3.0884045757520874E+021
        1782  -3.0884045755340324E+021
        1783  -3.0884045753187309E+021
        1784  -3.0884045751060886E+021
        1785  -3.0884045748960855E+021
        1786  -3.0884045746887726E+021
        1787  -3.0884045744840570E+021
        1788  -3.0884045742819183E+021
        1789  -3.0884045740823371E+021
        1790  -3.0884045738852929E+021
        1791  -3.0884045736907663E+021
        1792  -3.0884045734986672E+021
        1793  -3.0884045733090469E+021
        1794  -3.0884045731218860E+021
        1795  -3.0884045729370965E+021
        1796  -3.0884045727546590E+021
        1797  -3.0884045725746253E+021
        1798  -3.0884045723969079E+021
        1799  -3.0884045722214880E+021
        1800  -3.0884045720483487E+021
        1801  -3.0884045718774722E+021
        1802  -3.0884045717088413E+021
        1803  -3.0884045715424380E+021
        1804  -3.0884045713781781E+021
        1805  -3.0884045712161123E+021
        1806  -3.0884045710561572E+021
        1807  -3.0884045708983623E+021
        1808  -3.0884045707426451E+021
        1809  -3.0884045705889904E+021
        1810  -3.0884045705700411E+021
        1811  -3.0884045704205278E+021
        1812  -3.0884045702730293E+021
        1813  -3.0884045701274654E+021
        1814  -3.0884045699838855E+021
        1815  -3.0884045698422743E+021
        1816  -3.0884045697026165E+021
        1817  -3.0884045695648347E+021
        1818  -3.0884045694289765E+021
        1819  -3.0884045692949648E+021
        1820  -3.0884045691627855E+021
        1821  -3.0884045690324868E+021
        1822  -3.0884045689039922E+021
        1823  -3.0884045687772886E+021
        1824  -3.0884045686523618E+021
        1825  -3.0884045685291368E+021
        1826  -3.0884045684076619E+021
        1827  -3.0884045682879234E+021
        1828  -3.0884045681698480E+021
        1829  -3.0884045680534833E+021
        1830  -3.0884045679387560E+021
        1831  -3.0884045678257137E+021
        1832  -3.0884045677142837E+021
        1833  -3.0884045676044542E+021
        1834  -3.0884045674962123E+021
        1835  -3.0884045673895465E+021
        1836  -3.0884045672844451E+021
        1837  -3.0884045671808956E+021
        1838  -3.0884045670788870E+021
        1839  -3.0884045669783490E+021
        1840  -3.0884045668793283E+021
        1841  -3.0884045667817567E+021
        1842  -3.0884045666856794E+021
        1843  -3.0884045665910286E+021
        1844  -3.0884045664977934E+021
        1845  -3.0884045664059633E+021
        1846  -3.0884045663155278E+021
        1847  -3.0884045662264765E+021
        1848  -3.0884045661387987E+021
        1849  -3.0884045660524842E+021
        1850  -3.0884045659675222E+021
        1851  -3.0884045658838485E+021
        1852  -3.0884045658015070E+021
        1853  -3.0884045657204337E+021
        1854  -3.0884045656406738E+021
        1855  -3.0884045655621627E+021
        1856  -3.0884045654848905E+021
        1857  -3.0884045654088499E+021
        1858  -3.0884045653340292E+021
        1859  -3.0884045652604213E+021
        1860  -3.0884045651880161E+021
        1861  -3.0884045651168041E+021
        1862  -3.0884045650467771E+021
        1863  -3.0884045649778741E+021
        1864  -3.0884045649101382E+021
        1865  -3.0884045648435091E+021
        1866  -3.0884045647779783E+021
        1867  -3.0884045647135889E+021
        1868  -3.0884045646502811E+021
        1869  -3.0884045645880476E+021
        1870  -3.0884045645268800E+021
        1871  -3.0884045644667699E+021
        1872  -3.0884045644077093E+021
        1873  -3.0884045643496413E+021
        1874  -3.0884045642926071E+021
        1875  -3.0884045642366001E+021
        1876  -3.0884045641815629E+021
        1877  -3.0884045641274874E+021
        1878  -3.0884045640744158E+021
        1879  -3.0884045640222926E+021
        1880  -3.0884045639711096E+021
        1881  -3.0884045639208607E+021
        1882  -3.0884045638715389E+021
        1883  -3.0884045638231366E+021
        1884  -3.0884045637756288E+021
        1885  -3.0884045637290169E+021
        1886  -3.0884045636832812E+021
        1887  -3.0884045636384153E+021
        1888  -3.0884045635944118E+021
        1889  -3.0884045635512555E+021
        1890  -3.0884045635089397E+021
        1891  -3.0884045634674497E+021
        1892  -3.0884045634267780E+021
        1893  -3.0884045633869154E+021
        1894  -3.0884045633478459E+021
        1895  -3.0884045633095630E+021
        1896  -3.0884045632720575E+021
        1897  -3.0884045632353185E+021
        1898  -3.0884045631993408E+021
        1899  -3.0884045631641092E+021
        1900  -3.0884045631296189E+021
        1901  -3.0884045630958590E+021
        1902  -3.0884045630628199E+021
        1903  -3.0884045630304876E+021
        1904  -3.0884045629988568E+021
        1905  -3.0884045629679180E+021
        1906  -3.0884045629376624E+021
        1907  -3.0884045629080837E+021
        1908  -3.0884045628791686E+021
        1909  -3.0884045628509079E+021
        1910  -3.0884045628232974E+021
        1911  -3.0884045627963275E+021
        1912  -3.0884045627699846E+021
        1913  -3.0884045627442641E+021
        1914  -3.0884045627191580E+021
        1915  -3.0884045626946565E+021
        1916  -3.0884045626707516E+021
        1917  -3.0884045626474344E+021
        1918  -3.0884045626246960E+021
        1919  -3.0884045626025286E+021
        1920  -3.0884045625809237E+021
        1921  -3.0884045625598767E+021
        1922  -3.0884045625393765E+021
        1923  -3.0884045625194179E+021
        1924  -3.0884045624999894E+021
        1925  -3.0884045624810820E+021
        1926  -3.0884045624626937E+021
        1927  -3.0884045624448149E+021
        1928  -3.0884045624274348E+021
        1929  -3.0884045624105490E+021
        1930  -3.0884045623941509E+021
        1931  -3.0884045623782319E+021
        1932  -3.0884045623627817E+021
        1933  -3.0884045623477954E+021
        1934  -3.0884045623332674E+021
        1935  -3.0884045623191892E+021
        1936  -3.0884045623055499E+021
        1937  -3.0884045622923467E+021
        1938  -3.0884045622795719E+021
        1939  -3.0884045622672192E+021
        1940  -3.0884045622552775E+021
        1941  -3.0884045622437436E+021
        1942  -3.0884045622326109E+021
        1943  -3.0884045622218693E+021
        1944  -3.0884045622115151E+021
        1945  -3.0884045622015395E+021
        1946  -3.0884045621919340E+021
        1947  -3.0884045621826935E+021
        1948  -3.0884045621738110E+021
        1949  -3.0884045621652803E+021
        1950  -3.0884045621570956E+021
        1951  -3.0884045621492465E+021
        1952  -3.0884045621417303E+021
        1953  -3.0884045621345386E+021
        1954  -3.0884045621276605E+021
        1955  -3.0884045621210938E+021
        1956  -3.0884045621148301E+021
        1957  -3.0884045621088590E+021
        1958  -3.0884045621031789E+021
        1959  -3.0884045620977761E+021
        1960  -3.0884045620926501E+021
        1961  -3.0884045620877900E+021
        1962  -3.0884045620831883E+021
        1963  -3.0884045620788388E+021
        1964  -3.0884045620747331E+021
        1965  -3.0884045620708623E+021
        1966  -3.0884045620672211E+021
        1967  -3.0884045620638017E+021
        1968  -3.0884045620605973E+021
        1969  -3.0884045620575999E+021
        1970  -3.0884045620548034E+021
        1971  -3.0884045620522003E+021
        1972  -3.0884045620497854E+021
        1973  -3.0884045620475504E+021
        1974  -3.0884045620454910E+021
        1975  -3.0884045620435998E+021
        1976  -3.0884045620418713E+021
        1977  -3.0884045620402995E+021
        1978  -3.0884045620388781E+021
        1979  -3.0884045620376009E+021
        1980  -3.0884045620364617E+021
        1981  -3.0884045620354545E+021
        1982  -3.0884045620345721E+021
        1983  -3.0884045620338061E+021
        1984  -3.0884045620331497E+021
        1985  -3.0884045620325935E+021
        1986  -3.0884045620321284E+021
        1987  -3.0884045620317462E+021
        1988  -3.0884045620314369E+021
        1989  -3.0884045620311920E+021
        1990  -3.0884045620310023E+021
        1991  -3.0884045620308586E+021
        1992  -3.0884045620307532E+021
        1993  -3.0884045620306782E+021
        1994  -3.0884045620306274E+021
        1995  -3.0884045620305938E+021
        1996  -3.0884045620305734E+021
        1997  -3.0884045620305608E+021
        1998  -3.0884045620305545E+021
        1999  -3.0884045620305514E+021
