 niso =           1
   9.1162086072104730E+025
   9.1162086072104627E+025
   9.1157965356790820E+025
   9.1153064843329610E+025
   9.1145286247263018E+025
   9.1132939959536178E+025
   9.1113345552051869E+025
   9.1082252473693411E+025
   9.1032924744121637E+025
   9.0969355430632253E+025
   9.0906825649049089E+025
   9.0823428232226351E+025
   9.0680771986250217E+025
   9.0444384763450968E+025
   9.0061388246584869E+025
   8.9450804191129876E+025
   8.8596281455778578E+025
   8.7682009929918257E+025
   8.6466277809026345E+025
   8.5169526804949850E+025
   8.3894941381329251E+025
   8.2436715892688039E+025
   8.0552549975417325E+025
   7.8061984556197249E+025
   7.4692556596829867E+025
   7.1799738133407405E+025
   6.8922026983416619E+025
   6.5899000574776177E+025
   6.3370300805177371E+025
   6.0754570832043140E+025
   5.8410624091893003E+025
   5.6833701030060055E+025
   5.5061030514269578E+025
   5.3007700257749899E+025
   5.1321702163905821E+025
   4.9949074582249103E+025
   4.8863588769209375E+025
   4.7804224390420747E+025
   4.6637943531911473E+025
   4.5514758698582607E+025
   4.4430473789035804E+025
   4.3382941411478807E+025
   4.2497223519054389E+025
   4.1880057586785586E+025
   4.1149813398561532E+025
   4.0327443008989800E+025
   3.9638439158277059E+025
   3.8965214666045360E+025
   3.8197461533412279E+025
   3.7346920604051563E+025
   3.6521383304480406E+025
   3.5719359933410682E+025
   3.4939735074499976E+025
   3.4181468887649585E+025
   3.3443670411230757E+025
   3.2725340666534875E+025
   3.2025759632246574E+025
   3.1515019332987604E+025
   3.1009764292336954E+025
   3.0353571649413795E+025
   2.9713619905417155E+025
   2.9089213608912134E+025
   2.8632589614049467E+025
   2.8180691158152099E+025
   2.7592928896978976E+025
   2.7018911320668369E+025
   2.6458189652716380E+025
   2.5910301776773522E+025
   2.5374842593988499E+025
   2.4851448011102774E+025
   2.4339723382813817E+025
   2.3839303200807235E+025
   2.3349891478855625E+025
   2.2871138729414049E+025
   2.2402726001857375E+025
   2.1944366177620381E+025
   2.1495793815822496E+025
   2.1056705179459260E+025
   2.0626860395190497E+025
   2.0206016889979341E+025
   1.9793937634948482E+025
   1.9390395233624208E+025
   1.9094050663682648E+025
   1.8800647314197009E+025
   1.8513479239505342E+025
   1.8229174479008905E+025
   1.7857718623845398E+025
   1.7493670545157620E+025
   1.7136975628306832E+025
   1.6787588346385232E+025
   1.6530944179911934E+025
   1.6276747995274921E+025
   1.5944500193086642E+025
   1.5619008020926915E+025
   1.5300007865294022E+025
   1.4987357566742903E+025
   1.4680923079180977E+025
   1.4380567743398089E+025
   1.4159853332183616E+025
   1.3941403595094831E+025
   1.3655704654527478E+025
   1.3410842669848291E+025
   1.3203814824152141E+025
   1.2965745859366278E+025
   1.2765924333647289E+025
   1.2568211738444712E+025
   1.2309763719254986E+025
   1.2119892846235981E+025
   1.1994614894043318E+025
   1.1808419099474953E+025
   1.1595636185116680E+025
   1.1326955797553693E+025
   1.1064032061956080E+025
   1.0863274979427602E+025
   1.0638602755236257E+025
   1.0473466679383522E+025
   1.0364450362407218E+025
   1.0202533856403755E+025
   1.0043877975366025E+025
   9.9391414928799696E+024
   9.8097364782634872E+024
   9.6566007212253514E+024
   9.4803561394580891E+024
   9.2830523987227370E+024
   9.1380152119295618E+024
   9.0422732498036014E+024
   8.9238977976127750E+024
   8.7837414668805503E+024
   8.6225832420298236E+024
   8.4873866594303510E+024
   8.3981523871095437E+024
   8.2879317252859213E+024
   8.1575051210969550E+024
   8.0074236381561388E+024
   7.8394572687448532E+024
   7.6955389506879483E+024
   7.5738695969169335E+024
   7.4340011713780053E+024
   7.2775949937500394E+024
   7.1243670436638059E+024
   6.9184154404087224E+024
   6.7284283859010819E+024
   6.6038068035068983E+024
   6.4725691354366234E+024
   6.3357495782527840E+024
   6.1350751607443664E+024
   5.9418429249137177E+024
   5.7845814096226110E+024
   5.6318795812587886E+024
   5.5123681453963639E+024
   5.3953357200877596E+024
   5.3092936601674264E+024
   5.2243200952024236E+024
   5.0580696403033508E+024
   4.8979784600552112E+024
   4.7936870246204755E+024
   4.6661787337167345E+024
   4.5177813772491653E+024
   4.3978470580053444E+024
   4.3040151185046892E+024
   4.1893162292074909E+024
   4.0558365420136254E+024
   3.9051809889588572E+024
   3.7400053487160868E+024
   3.5817524330754108E+024
   3.4301309336364664E+024
   3.2848636298206802E+024
   3.1457011219863216E+024
   3.0124057786688455E+024
   2.8847322063563138E+024
   2.7624436643929558E+024
   2.6308664746935627E+024
   2.5058858005829081E+024
   2.3996677817875276E+024
   2.2979764183333729E+024
   2.2006190624181117E+024
   2.1074090903743140E+024
   2.0181676639325728E+024
   1.9221924634199193E+024
   1.8310452700372650E+024
   1.7536190451464673E+024
   1.6795136183384345E+024
   1.6085809127255969E+024
   1.5406863337824381E+024
   1.4837362797059389E+024
   1.4210581334916802E+024
   1.3539849079155676E+024
   1.2970173709734936E+024
   1.2425016333014432E+024
   1.1903335205752193E+024
   1.1404078621493416E+024
   1.0867425308519316E+024
   1.0357740506039862E+024
   9.9249545255443389E+023
   9.5108336578025327E+023
   9.1145585126324717E+023
   8.7353677997699123E+023
   8.4173416593164632E+023
   8.1540894188094188E+023
   7.8574745560547526E+023
   7.5325075906911816E+023
   7.2215649888339206E+023
   6.9240845639296814E+023
   6.6394615937386605E+023
   6.3670842703527555E+023
   6.1064405947593830E+023
   5.8570812724775246E+023
   5.6185396631406469E+023
   5.3903174851402927E+023
   5.1719359920271487E+023
   4.9629644739594558E+023
   4.7630078794022483E+023
   4.5481780881435223E+023
   4.3440775431600685E+023
   4.1708107214614114E+023
   4.0050243386283645E+023
   3.8463921186730405E+023
   3.6945901153821447E+023
   3.5672261857657175E+023
   3.4272334669879028E+023
   3.2772886030059084E+023
   3.1500050972428272E+023
   3.0281982536952333E+023
   2.9116267081325775E+023
   2.8000612774385975E+023
   2.6932860410184410E+023
   2.5910957871142017E+023
   2.4932936917131029E+023
   2.3996916970013675E+023
   2.3101111505814428E+023
   2.2243844533747174E+023
   2.1423525892411948E+023
   2.0638577338943684E+023
   1.9887469124099325E+023
   1.9168775547432518E+023
   1.8481178014367143E+023
   1.7823437862671093E+023
   1.7194339907928903E+023
   1.6592700649340502E+023
   1.6017399901071435E+023
   1.5467405466491145E+023
   1.4941763251814151E+023
   1.4439573837439635E+023
   1.3959985088454743E+023
   1.3502176381474009E+023
   1.3065387158962702E+023
   1.2648938517587110E+023
   1.2350289796649261E+023
   1.2156786054669657E+023
   1.1874772627052985E+023
   1.1516251709578049E+023
   1.1176376183421109E+023
   1.0855025765040373E+023
   1.0552258254146373E+023
   1.0268364598273521E+023
   9.9995100430684924E+022
   9.7387685820638698E+022
   9.4858563097597588E+022
   9.2404215219217127E+022
   9.0021608786106104E+022
   8.7708695635832565E+022
   8.5463552040638209E+022
   8.3283725104095049E+022
   8.1166606123414957E+022
   7.9110012796981033E+022
   7.7112149300674027E+022
   7.5171230419352394E+022
   7.3285355920439632E+022
   7.1452613280800101E+022
   6.9671169282962885E+022
   6.7939272127137943E+022
   6.6255316365865692E+022
   6.4617907009769603E+022
   6.3025782387971778E+022
   6.1477495024578416E+022
   5.9971441248030568E+022
   5.8506050157752602E+022
   5.7080022274374659E+022
   5.5692219214115176E+022
   5.4341614968490294E+022
   5.3027222724263929E+022
   5.1748001572706369E+022
   5.0502816021380136E+022
   4.9290494462032374E+022
   4.8109947303316616E+022
   4.6960221644587490E+022
   4.5840495259516376E+022
   4.4749980915604660E+022
   4.3687823118397335E+022
   4.2653108611009755E+022
   4.1644956580891584E+022
   4.0662631409895608E+022
   3.9705520666667441E+022
   3.8773028099366511E+022
   3.7864356690721025E+022
   3.6978618651487358E+022
   3.6115026294412310E+022
   3.5273092654231856E+022
   3.4452394541243343E+022
   3.3652402442573051E+022
   3.2872447955232012E+022
   3.2111900263710057E+022
   3.1370203383669264E+022
   3.0646839406916658E+022
   2.9941321596894320E+022
   2.9253217377919433E+022
   2.8582073683015006E+022
   2.7927384839196407E+022
   2.7288619325080260E+022
   2.6665341737629647E+022
   2.6057196245958496E+022
   2.5463852138355990E+022
   2.4884910750765989E+022
   2.4319938671108443E+022
   2.3768522209995864E+022
   2.3230337044248183E+022
   2.2705095801983275E+022
   2.2192489591881408E+022
   2.1692121956488596E+022
   2.1203584910597965E+022
   2.0726524751795922E+022
   2.0260715978063526E+022
   1.9805982216594810E+022
   1.9362119590626231E+022
   1.8928824539004833E+022
   1.8505740587758659E+022
   1.8092528919726107E+022
   1.7688903800432944E+022
   1.7294629241017829E+022
   1.6909488098720904E+022
   1.6533290192168781E+022
   1.6165861264072301E+022
   1.5807022118896600E+022
   1.5456561249500243E+022
   1.5114227893721199E+022
   1.4779770146860453E+022
   1.4452962719289596E+022
   1.4133641775386192E+022
   1.3821660415953885E+022
   1.3516864322969906E+022
   1.3219064356334140E+022
   1.2928071655854130E+022
   1.2643709723671431E+022
   1.2365824801513784E+022
   1.2094269197569168E+022
   1.1828895080775053E+022
   1.1569542230806538E+022
   1.1316052169596248E+022
   1.1068276546999601E+022
   1.0826083191378938E+022
   1.0589346646719080E+022
   1.0357938954191896E+022
   1.0131737618098529E+022
   9.9106285460783398E+021
   9.6944995897693480E+021
   9.4832263281696257E+021
   9.2766656145213190E+021
   9.0746867171084877E+021
   8.8771823194639423E+021
   8.6840772614377093E+021
   8.4952918975284291E+021
   8.3107308348584892E+021
   8.1302757598786706E+021
   7.9538111349832496E+021
   7.7812344368904337E+021
   7.6124539567191653E+021
   7.4473802090833489E+021
   7.2859229902143394E+021
   7.1280076421631878E+021
   6.9735816936458142E+021
   6.8225965790756172E+021
   6.6749846979650341E+021
   6.5306337700015862E+021
   6.3894296450572726E+021
   6.2512722243106730E+021
   6.1160967132730590E+021
   5.9838425227421664E+021
   5.8544451675679002E+021
   5.7278515426784486E+021
   5.6040224911340863E+021
   5.4829236856812334E+021
   5.3645003224512096E+021
   5.2486736783243750E+021
   5.1353660704468354E+021
   5.0245108999371012E+021
   4.9160581321045458E+021
   4.8099601290264681E+021
   4.7061676791085180E+021
   4.6046219677866803E+021
   4.5052578072333202E+021
   4.4080073444629901E+021
   4.3128156332531840E+021
   4.2196431497188648E+021
   4.1284586012777712E+021
   4.0392295375306652E+021
   3.9519145472377655E+021
   3.8664688158652346E+021
   3.7828458204071193E+021
   3.7010006437267495E+021
   3.6208933172790721E+021
   3.5424882453269908E+021
   3.4657538343992474E+021
   3.3906556624116074E+021
   3.3171553724819319E+021
   3.2452117826150911E+021
   3.1747856801621790E+021
   3.1058427347039772E+021
   3.0383524884449455E+021
   2.9722853750830798E+021
   2.9076100764767271E+021
   2.8442939266876535E+021
   2.7823047249422818E+021
   2.7216107889408837E+021
   2.6621807229573666E+021
   2.6039855299068685E+021
   2.5469999961578406E+021
   2.4912004716872928E+021
   2.4365630404793771E+021
   2.3830628681328356E+021
   2.3306754859853829E+021
   2.2793772231836655E+021
   2.2291402476047754E+021
   2.1799358688028871E+021
   2.1317373685798892E+021
   2.0845228114601401E+021
   2.0382744846024602E+021
   1.9929731934782567E+021
   1.9485984973394868E+021
   1.9051293286296173E+021
   1.8625459037548766E+021
   1.8208293935852796E+021
   1.7799615100969822E+021
   1.7399247132060505E+021
   1.7007024859958490E+021
   1.6622782341555235E+021
   1.6246316951146337E+021
   1.5877422761546086E+021
   1.5515903127610497E+021
   1.5161611236646196E+021
   1.4814437250433606E+021
   1.4474268917437448E+021
   1.4140986495495375E+021
   1.3814455954206834E+021
   1.3494547367576053E+021
   1.3181136527512741E+021
   1.2874086111684046E+021
   1.2573248017928109E+021
   1.2278481740643990E+021
   1.1989655747162255E+021
   1.1706649146444665E+021
   1.1429345737447586E+021
   1.1157633681526083E+021
   1.0891425022064407E+021
   1.0630658654087926E+021
   1.0375271742469492E+021
   1.0125192911406544E+021
   9.8803178933740726E+020
   9.6405357503559893E+020
   9.4057441170797311E+020
   9.1758411363565555E+020
   8.9507148266309838E+020
   8.7302527134593516E+020
   8.5143474910196885E+020
   8.3029351477322344E+020
   8.0959764432474263E+020
   7.8934294607020124E+020
   7.6952384511574409E+020
   7.5013184547119838E+020
   7.3115815733650443E+020
   7.1259410851409953E+020
   6.9443040788858719E+020
   6.7665733912409211E+020
   6.5926523506249944E+020
   6.4224540901134710E+020
   6.2559072865467223E+020
   6.0929371113420436E+020
   5.9334659195324793E+020
   5.7774311810932081E+020
   5.6247780888416767E+020
   5.4754514749567343E+020
   5.3293572780919757E+020
   5.1863711420968488E+020
   5.0463663812328043E+020
   4.9092467241014120E+020
   4.7749483474406854E+020
   4.6434048019367251E+020
   4.5145345618460272E+020
   4.3882410357111004E+020
   4.2644289974894487E+020
   4.1430126796530988E+020
   4.0239170256428663E+020
   3.9070671281656726E+020
   3.7923661167257597E+020
   3.6796959522676788E+020
   3.5826560918960282E+020
   3.5006319335705274E+020
   3.4062527377895752E+020
   3.3131692951396968E+020
   3.2344455631630887E+020
   3.1437853817715261E+020
   3.0479334251378835E+020
   2.9721167438546377E+020
   2.8972319632187815E+020
   2.8168849452849725E+020
   2.7555939749885916E+020
   2.6934146021225107E+020
   2.6270508949457207E+020
   2.5687968871214573E+020
   2.5094865071534162E+020
   2.4534211072132452E+020
   2.3948803655143234E+020
   2.3280193215038934E+020
   2.2644544756880907E+020
   2.2070617876966071E+020
   2.1499853066104609E+020
   2.0932025363999228E+020
   2.0409892247198224E+020
   1.9875147566082064E+020
   1.9362759004379067E+020
   1.8804951874190095E+020
   1.8268364968554421E+020
   1.7880729365943344E+020
   1.7466119933550009E+020
   1.6969014917586705E+020
   1.6473242177233116E+020
   1.5978928570698118E+020
   1.5539738384759806E+020
   1.5115012402293978E+020
   1.4669929363549359E+020
   1.4300429772349338E+020
   1.3890283468955791E+020
   1.3493637726189027E+020
   1.3158032009667178E+020
   1.2864177798064513E+020
   1.2611523116332166E+020
   1.2262188329494610E+020
   1.1898694534105799E+020
   1.1569516201147672E+020
   1.1254017153073444E+020
   1.0951357892025978E+020
   1.0654700731003278E+020
   1.0381953954179691E+020
   1.0028784476884271E+020
   9.7201516754937315E+019
   9.4973691364694032E+019
   9.2465155725455278E+019
   8.9667472515456205E+019
   8.6857893516975833E+019
   8.4042110709793718E+019
   8.1208866422163784E+019
   7.8928186902073967E+019
   7.6639213532085862E+019
   7.4346612597992440E+019
   7.2335561981426565E+019
   7.0023559663893848E+019
   6.7991049533515710E+019
   6.6243752335308456E+019
   6.4187801749564629E+019
   6.2420009442388877E+019
   6.0634138920988205E+019
   5.8542275720114405E+019
   5.6743176265757557E+019
   5.5084911450970325E+019
   5.3572485349045576E+019
   5.1587614764817367E+019
   4.9740933631294743E+019
   4.8347198194735153E+019
   4.6785596523632058E+019
   4.5522523945493119E+019
   4.4253062867861447E+019
   4.2821575941578990E+019
   4.1373173204914774E+019
   3.9747419000346321E+019
   3.8438223747569402E+019
   3.7448013275623530E+019
   3.6287215171734729E+019
   3.5120306513534939E+019
   3.4107077866890912E+019
   3.3082592003688628E+019
   3.2221161882169254E+019
   3.1356179832052433E+019
   3.0491267877104443E+019
   2.9619032919640576E+019
   2.8739542927307293E+019
   2.7847612238195442E+019
   2.7037906586039693E+019
   2.6307938053880803E+019
   2.5484396836443853E+019
   2.4749568761316192E+019
   2.4007628504841830E+019
   2.3258363025425850E+019
   2.2409599668318773E+019
   2.1650929416079499E+019
   2.1074842813424144E+019
   2.0493019897067504E+019
   1.9808496240456614E+019
   1.9120784970958193E+019
   1.8526526628417843E+019
   1.8027447263167070E+019
   1.7523294347522718E+019
   1.7015996515292426E+019
   1.6502826362154355E+019
   1.5933217355553348E+019
   1.5408960423462328E+019
   1.4985627408974846E+019
   1.4557006059410774E+019
   1.4070869337940347E+019
   1.3634229676856271E+019
   1.3195315004348342E+019
   1.2810861614228001E+019
   1.2479771084119667E+019
   1.2145996468441190E+019
   1.1809194313129187E+019
   1.1469109348805614E+019
   1.1125683751709805E+019
   1.0837276607081585E+019
   1.0546102198324562E+019
   1.0253407283389379E+019
   9.9579444083312538E+018
   9.6609190734550528E+018
   9.3624262784101827E+018
   9.0630647187184937E+018
   8.7599250757755996E+018
   8.4231404557403597E+018
   8.1130140780897280E+018
   7.8628957329573489E+018
   7.6100690823346616E+018
   7.3560521183661937E+018
   7.1638318041394678E+018
   6.9702879596827597E+018
   6.7752969849046528E+018
   6.5455538237198520E+018
   6.3137507280950866E+018
   6.1127583957327872E+018
   5.9440031098345093E+018
   5.7737301203944120E+018
   5.6027574208822262E+018
   5.4559270654462013E+018
   5.2899106056235049E+018
   5.1133683954622822E+018
   4.9575998985767066E+018
   4.8228181173902182E+018
   4.6869239599117312E+018
   4.5499169141138534E+018
   4.4118471033281403E+018
   4.2493909949355643E+018
   4.1095780385014205E+018
   3.9936962916573235E+018
   3.8559968175618908E+018
   3.7410837359970227E+018
   3.6248802929461279E+018
   3.5078933475562271E+018
   3.3895815563308733E+018
   3.2705983877297812E+018
   3.1746314439322578E+018
   3.0780937678468275E+018
   2.9809311733545441E+018
   2.8953705042202486E+018
   2.8214401827527204E+018
   2.7344209377434967E+018
   2.6594050368160952E+018
   2.5835685370387379E+018
   2.5074776799612334E+018
   2.4306001409608837E+018
   2.3535421554889134E+018
   2.2887585781057203E+018
   2.2106000515770217E+018
   2.1450491186314156E+018
   2.0788108130103124E+018
   2.0121367257896241E+018
   1.9582993498300429E+018
   1.8904146553557962E+018
   1.8222139707115443E+018
   1.7672327270326026E+018
   1.7119228963984755E+018
   1.6562409583063839E+018
   1.6001284842526971E+018
   1.5435095822985275E+018
   1.4863196184287572E+018
   1.4431298429559053E+018
   1.4068116522325202E+018
   1.3630348814512067E+018
   1.3115929338890550E+018
   1.2673409728546739E+018
   1.2300846505742799E+018
   1.1850737399296732E+018
   1.1472794892595736E+018
   1.1090600754532321E+018
   1.0706189409252768E+018
   1.0396103172479971E+018
   1.0005555612349263E+018
   9.6531827779916314E+017
   9.4163132045384512E+017
   9.1380572735332787E+017
   8.8178127630719091E+017
   8.4946257466534374E+017
   8.1683885331688371E+017
   7.8808188180617997E+017
   7.6324387256841523E+017
   7.3405424349480589E+017
   7.0472354528655130E+017
   6.7933985332724646E+017
   6.5112327453607808E+017
   6.2527595110664000E+017
   6.0438269356670003E+017
   5.7978705997499302E+017
   5.5507208405565926E+017
   5.3370189337898982E+017
   5.1215778886500947E+017
   4.9039968500626541E+017
   4.7212417038960736E+017
   4.5736083657854246E+017
   4.3873314813987904E+017
   4.2004654258994848E+017
   4.0495704520390752E+017
   3.8976148310619386E+017
   3.7831768046295469E+017
   3.6672851904152154E+017
   3.5316741852401920E+017
   3.4143791309162784E+017
   3.2963455864944416E+017
   3.1776327173848602E+017
   3.0582261545819475E+017
   2.9583853460160467E+017
   2.8574595545692742E+017
   2.7564711738565290E+017
   2.6749874422484586E+017
   2.5931087620752931E+017
   2.5108749321411891E+017
   2.4492545266750067E+017
   2.3869782863469664E+017
   2.3041299483907958E+017
   2.2422337965876931E+017
   2.1795823795341587E+017
   2.1176954278275245E+017
   2.0656280737584614E+017
   2.0193025662898118E+017
   1.9883007678255507E+017
   1.9416290726946858E+017
   1.8802896191630864E+017
   1.8301129639649955E+017
   1.7953579503299363E+017
   1.7658551051286576E+017
   1.7368145179010685E+017
   1.7083504616828416E+017
   1.6806060932330634E+017
   1.6592455992335290E+017
   1.6408605802981533E+017
   1.6172761117531994E+017
   1.5986983533945363E+017
   1.5867576896737565E+017
   1.5754488260707523E+017
   1.5593572137618250E+017
   1.5460665481489430E+017
   1.5379658438816982E+017
   1.5306812896349834E+017
   1.5222418426367488E+017
   1.5139016101161866E+017
   1.5081351376967597E+017
   1.5016975981701389E+017
   1.4938399076606470E+017
   1.4879924965976675E+017
   1.4783092712373814E+017
   1.4631382978299818E+017
   1.4500836663560426E+017
   1.4407884893208267E+017
   1.4259845541827674E+017
   1.4042400884875968E+017
   1.3805048942779648E+017
   1.3516523416000264E+017
   1.3239535097259858E+017
   1.2985768098039829E+017
   1.2681489358869989E+017
   1.2443634385486846E+017
   1.2199888615917925E+017
   1.1905876603289486E+017
   1.1647148482748662E+017
   1.1337834122754933E+017
   1.1020043365774309E+017
   1.0760472138969966E+017
   1.0408994097648005E+017
   1.0023498987606778E+017
   97869504595849408.     
   96277300366445616.     
   95154568363953616.     
