           1   3.4162206204535603E+018
           2   3.4136427841597286E+018
           3   3.4121293484554721E+018
           4   3.4097282173212319E+018
           5   3.4059199529102710E+018
           6   3.3998830218000707E+018
           7   3.3903209238045588E+018
           8   3.3751946911898839E+018
           9   3.3513155439903084E+018
          10   3.3234542116229105E+018
          11   3.2995223115085757E+018
          12   3.2582072510631388E+018
          13   3.1897494327330253E+018
          14   3.0803015922285496E+018
          15   2.9898941092653896E+018
          16   2.9108701943001160E+018
          17   2.7747003765972091E+018
          18   2.6580584122490260E+018
          19   2.4926075680443034E+018
          20   2.3513840622333384E+018
          21   2.0905558297590935E+018
          22   1.7206878254938752E+018
          23   1.2069206763255552E+018
          24   8.6123173701841203E+017
          25   5.5609651828268736E+017
          26   3.2330970201420275E+017
          27   1.5547517667118387E+017
          28   80344129729258256.     
          29   44921095580569576.     
          30   26604140988598844.     
          31   13555104882910092.     
          32   8310863009836673.0     
          33   5977303248977507.0     
          34   3258152281937860.5     
          35   1879127275990991.2     
          36   1202059049798688.0     
          37   810676482927732.25     
          38   604686645392481.88     
          39   409781217771909.00     
          40   278469880096811.88     
          41   189762703755457.12     
          42   129671560669989.64     
          43   88853474946299.781     
          44   67023523191570.242     
          45   55596427416446.109     
          46   38331472216828.492     
          47   29059547249367.715     
          48   22055907410573.008     
          49   16767815986681.496     
          50   11662333118584.467     
          51   8132942769720.5635     
          52   5687333379335.1797     
          53   3986970960031.8208     
          54   2802238969410.4922     
          55   1974626104848.1067     
          56   1394993287605.8328     
          57   987998195859.78259     
          58   701498218004.95886     
          59   591650206873.77063     
          60   421646303404.52441     
          61   301222052512.99878     
          62   215711559419.99109     
          63   154844961210.46487     
          64   131309783512.52608     
          65   94592336826.871765     
          66   68300664379.324524     
          67   49430292983.348274     
          68   35855025433.368217     
          69   26066620783.617901     
          70   18992697946.118324     
          71   13869009318.498596     
          72   10149640763.427357     
          73   7443753762.3708181     
          74   5470907870.5833883     
          75   4029422589.1748829     
          76   2973940105.5460076     
          77   2199468347.5689931     
          78   1630007569.5467434     
          79   1210425691.6951294     
          80   900645026.22700894     
          81   671470157.07018387     
          82   501588937.06050217     
          83   375411948.43247408     
          84   325013784.72607613     
          85   243951367.20206967     
          86   211539337.20884520     
          87   159226466.31666443     
          88   120072181.29858766     
          89   90694502.067179367     
          90   68641506.997094840     
          91   52043913.332326546     
          92   45356342.750646681     
          93   34473509.987128235     
          94   26252799.841562942     
          95   20026931.471143983     
          96   15303612.984240415     
          97   11714035.748559592     
          98   8981409.3927064482     
          99   6897635.9840543065     
         100   6049781.8880638313     
         101   4657567.5368808042     
         102   3591518.9375370285     
         103   2959646.3533075084     
         104   2438708.1707016486     
         105   1887976.7904998844     
         106   1662150.5834009396     
         107   1289788.5369059932     
         108   1002381.3724388896     
         109   780379.68989572336     
         110   608324.26368758478     
         111   505367.20841802127     
         112   419753.74361467781     
         113   349332.02278351039     
         114   290663.02428395604     
         115   227915.18840930052     
         116   178970.12312057964     
         117   158715.26463777968     
         118   140737.08406488798     
         119   110827.19341844005     
         120   98422.909359727943     
         121   87396.426342584877     
         122   73249.389862926488     
         123   61374.939835239486     
         124   48565.630801047395     
         125   38481.722684944223     
         126   34279.937514183148     
         127   30532.658867127466     
         128   25701.341873821868     
         129   21627.430939016613     
         130   19297.844157426000     
         131   17216.608296688002     
         132   13723.103136756370     
         133   11594.041122445304     
         134   9791.8225785875838     
         135   8756.8447845845549     
         136   7829.9957717328380     
         137   6269.1021385246695     
         138   5312.8647642892738     
         139   4500.7737031578908     
         140   3614.7850639358894     
         141   2906.7738032965262     
         142   2340.2894865446647     
         143   1939.8359382620756     
         144   1607.0192734791265     
         145   1333.7666162342130     
         146   1106.3500128845342     
         147   895.54581622457658     
         148   725.75860321200435     
         149   478.29539888314360     
         150   388.96165790083853     
         151   285.85449987280316     
         152   233.12466213309381     
         153   190.33518165499456     
         154   155.57312224713635     
         155   140.70974362843174     
         156   115.20223169508920     
         157   77.472135450297117     
         158   63.636188416347018     
         159   52.327582499668488     
         160   39.096358927644353     
         161   29.280531128810384     
         162   24.179592645895717     
         163   19.988171185005456     
         164   15.052189955842321     
         165   11.361430618565246     
         166   7.8358500653951930     
         167   5.4261787431690500     
         168   3.7725751044749609     
         169   2.6332873110062582     
         170   1.8452523213447607     
         171   1.2980508205857841     
         172  0.91661750575419831     
         173  0.64972140729706396     
         174  0.46226471162458244     
         175  0.30362691655424978     
         176  0.21781936498763771     
         177  0.15682782871137954     
         178  0.11331950561746459     
         179   8.2172321992304703E-002
         180   5.9795717842046549E-002
         181   4.3663883031073943E-002
         182   2.9615734430703023E-002
         183   2.1792708700156958E-002
         184   1.6090133362613050E-002
         185   1.1919387006534377E-002
         186   8.8588992038704344E-003
         187   6.6057638265306961E-003
         188   5.3119923979789091E-003
         189   3.7085314318724208E-003
         190   2.7920074042856306E-003
         191   2.1086052694967729E-003
         192   1.5974444840391418E-003
         193   1.2139365803396651E-003
         194   9.2532370690112317E-004
         195   6.6184172094400256E-004
         196   5.0791854988014109E-004
         197   3.9095173946701779E-004
         198   3.0180791044759792E-004
         199   2.3367150531047041E-004
         200   1.8144212606707822E-004
         201   1.5036978082822437E-004
         202   1.2481892941242954E-004
         203   9.7614154311882056E-005
         204   7.6554026533086369E-005
         205   6.0205610394041454E-005
         206   4.7480058545317316E-005
         207   3.7547627129896683E-005
         208   2.9774307835151104E-005
         209   2.3674463615475709E-005
         210   1.8875152120791469E-005
         211   1.5089185264775574E-005
         212   1.2094810131588698E-005
         213   9.7203696135401579E-006
         214   7.8326653160971085E-006
         215   6.3280871004114766E-006
         216   4.8647065245883310E-006
         217   3.9532247790284899E-006
         218   3.2207801161322659E-006
         219   2.6307485850870098E-006
         220   2.1542714641417803E-006
         221   1.7685537056634915E-006
         222   1.5278320064667019E-006
         223   1.2009279012657292E-006
         224   9.9332183410225539E-007
         225   8.2363959020921468E-007
         226   6.8462560050800609E-007
         227   5.7046920146459181E-007
         228   4.7650653873527728E-007
         229   3.9898597875480373E-007
         230   3.3488302845691061E-007
         231   2.8175400685096754E-007
         232   2.3762018895364541E-007
         233   2.0087587773689697E-007
         234   1.7021530886555388E-007
         235   1.4457435595530461E-007
         236   1.2308390708097675E-007
         237   1.0503261718167464E-007
         238   8.9837092119917289E-008
         239   7.7017912456500380E-008
         240   6.6180298139690818E-008
         241   5.6998478049616754E-008
         242   4.9203069501752175E-008
         243   4.2570876164515250E-008
         244   3.6916614682838001E-008
         245   3.2086177500976843E-008
         246   2.7951134337514224E-008
         247   2.4404243035631165E-008
         248   2.1355776071548096E-008
         249   1.8730518418287070E-008
         250   1.6465305965586749E-008
         251   1.5450873480649871E-008
         252   1.4507199201260049E-008
         253   1.2810984655445551E-008
         254   1.1339094105124326E-008
         255   1.0059554229961963E-008
         256   8.9452794386781876E-009
         257   7.9732886168505234E-009
         258   7.1240556076825782E-009
         259   6.3805996312371349E-009
         260   5.7281093133693581E-009
         261   5.1540540403224584E-009
         262   4.6477996009522084E-009
         263   4.2002996455354175E-009
         264   3.8038419211565187E-009
         265   3.4518338232940120E-009
         266   3.1386232068002839E-009
         267   2.8593520691635285E-009
         268   2.6098363112756222E-009
         269   2.3864645677445650E-009
         270   2.1861123126502658E-009
         271   2.0060697983983718E-009
         272   1.8439817913309694E-009
         273   1.6977969104734771E-009
         274   1.5657247849376279E-009
         275   1.4461998880553291E-009
         276   1.3378508593105195E-009
         277   1.2394741772152492E-009
         278   1.1500112161542635E-009
         279   1.0685288312993055E-009
         280   9.9420305490789944E-010
         281   9.2630535320488600E-010
         282   8.6419058500591497E-010
         283   8.0728653944119194E-010
         284   7.5508482608928616E-010
         285   7.0713294074715521E-010
         286   6.6302738821821325E-010
         287   6.2240777467115966E-010
         288   5.8495175405366536E-010
         289   5.5037066049917463E-010
         290   5.1840568396141155E-010
         291   4.8882445290874324E-010
         292   4.6141797904242402E-010
         293   4.3599800095817612E-010
         294   4.1239471088653227E-010
         295   3.9045481316049887E-010
         296   3.7003978833330747E-010
         297   3.5102430179356499E-010
         298   3.3329470339345288E-010
         299   3.1674777186213644E-010
         300   3.0128968825409109E-010
         301   2.8683519027141113E-010
         302   2.7330671122894486E-010
         303   2.6063355771145351E-010
         304   2.4875118079159988E-010
         305   2.3760058900786880E-010
         306   2.2712782997956440E-010
         307   2.1728351468272872E-010
         308   2.0802239364085361E-010
         309   1.9930298080321684E-010
         310   1.9108718921248454E-010
         311   1.8333999891763397E-010
         312   1.7602917028059456E-010
         313   1.6912501993568005E-010
         314   1.6260021002406991E-010
         315   1.5642954220280429E-010
         316   1.5058975034297242E-010
         317   1.4505932420373656E-010
         318   1.3981836285441911E-010
         319   1.3484845560456439E-010
         320   1.3013256088944617E-010
         321   1.2565488481853472E-010
         322   1.2140076008144848E-010
         323   1.1735655204570144E-010
         324   1.1350958506164097E-010
         325   1.0984808676965331E-010
         326   1.0636112198362346E-010
         327   1.0303851974215656E-010
         328   9.9870795789642717E-011
         329   9.6849090550158121E-011
         330   9.3965123867610056E-011
         331   9.1211158745288566E-011
         332   8.8579967358324993E-011
         333   8.6064795056572763E-011
         334   8.3659328281386124E-011
         335   8.1357663224738309E-011
         336   7.9154274017178013E-011
         337   7.7043980140887492E-011
         338   7.5021916111637573E-011
         339   7.3083508752265427E-011
         340   7.1224459890047046E-011
         341   6.9440734536049658E-011
         342   6.7728543940111097E-011
         343   6.6084326923356601E-011
         344   6.4504729715475952E-011
         345   6.2986591586077042E-011
         346   6.1526933183660617E-011
         347   6.0122946661720168E-011
         348   5.8771984672656750E-011
         349   5.7471549520899535E-011
         350   5.6219281812579976E-011
         351   5.5012951356143482E-011
         352   5.3850449543804103E-011
         353   5.2729782847138289E-011
         354   5.1649065965501710E-011
         355   5.0606514645519405E-011
         356   4.9600439830435837E-011
         357   4.8629242384431336E-011
         358   4.7691407496801203E-011
         359   4.6785498149340041E-011
         360   4.5910148527472120E-011
         361   4.5064060723741323E-011
         362   4.4246002602001798E-011
         363   4.3454806451519418E-011
         364   4.2689364542281649E-011
         365   4.1948624032051066E-011
         366   4.1231581876942801E-011
         367   4.0537282204173680E-011
         368   3.9864814579531751E-011
         369   3.9213312087363196E-011
         370   3.8581948816066741E-011
         371   3.7969937346387673E-011
         372   3.7376527804598236E-011
         373   3.6801007541332181E-011
         374   3.6242699286197813E-011
         375   3.5700957542433380E-011
         376   3.5175163212108504E-011
         377   3.4664721969544766E-011
         378   3.4169063899739996E-011
         379   3.3687644737675921E-011
         380   3.3219944709288288E-011
         381   3.2765466883172449E-011
         382   3.2323736881945956E-011
         383   3.1894302735052126E-011
         384   3.1476733968558496E-011
         385   3.1070618835298050E-011
         386   3.0675561475277288E-011
         387   3.0291181164374148E-011
         388   2.9917112306690213E-011
         389   2.9553004799066856E-011
         390   2.9198523346394755E-011
         391   2.8853346521668884E-011
         392   2.8517165290693133E-011
         393   2.8189681886502411E-011
         394   2.7870609028482270E-011
         395   2.7559670325838990E-011
         396   2.7256600813090550E-011
         397   2.6961146896926368E-011
         398   2.6673065634458531E-011
         399   2.6392123495758014E-011
         400   2.6118095631760587E-011
         401   2.5850765344058692E-011
         402   2.5589923842546384E-011
         403   2.5335370190543745E-011
         404   2.5086911169148323E-011
         405   2.4844361075730022E-011
         406   2.4607541120641502E-011
         407   2.4376278823735723E-011
         408   2.4150407555859156E-011
         409   2.3929766380667457E-011
         410   2.3714200064006489E-011
         411   2.3503559022136347E-011
         412   2.3297699071782061E-011
         413   2.3096481054317087E-011
         414   2.2899770499138950E-011
         415   2.2707437414028882E-011
         416   2.2519356077377780E-011
         417   2.2335404829135506E-011
         418   2.2155466032354411E-011
         419   2.1979426126439891E-011
         420   2.1807175503346622E-011
         421   2.1638608273126395E-011
         422   2.1473622047284030E-011
         423   2.1312117822982528E-011
         424   2.1153999884261055E-011
         425   2.0999175345454147E-011
         426   2.0847553908767460E-011
         427   2.0699047830916437E-011
         428   2.0553572080144108E-011
         429   2.0411044478001289E-011
         430   2.0271385482155934E-011
         431   2.0134518002355157E-011
         432   2.0000367267571293E-011
         433   1.9868860786344647E-011
         434   1.9739928270660248E-011
         435   1.9613501537392621E-011
         436   1.9489514457769295E-011
         437   1.9367902940240393E-011
         438   1.9248604844897930E-011
         439   1.9131559619433311E-011
         440   1.9016708169609752E-011
         441   1.8903992820329187E-011
         442   1.8793357571525522E-011
         443   1.8684748282208397E-011
         444   1.8578112569223448E-011
         445   1.8473399678071077E-011
         446   1.8370560325551180E-011
         447   1.8269546676946902E-011
         448   1.8170312332891192E-011
         449   1.8072812157845445E-011
         450   1.7977002109591369E-011
         451   1.7882839213336634E-011
         452   1.7790281558960851E-011
         453   1.7699288311540831E-011
         454   1.7609819690172862E-011
         455   1.7521836952667257E-011
         456   1.7435302540711926E-011
         457   1.7350180257441765E-011
         458   1.7266435207433228E-011
         459   1.7184033675384531E-011
         460   1.7102942824093626E-011
         461   1.7023130594655655E-011
         462   1.6944565732339645E-011
         463   1.6867217736521839E-011
         464   1.6791056702636987E-011
         465   1.6716053272133191E-011
         466   1.6642178642333130E-011
         467   1.6569404917308767E-011
         468   1.6497705304879834E-011
         469   1.6427054054465727E-011
         470   1.6357426300328219E-011
         471   1.6288797768363767E-011
         472   1.6221144715180504E-011
         473   1.6154443906376303E-011
         474   1.6088672530688645E-011
         475   1.6023808133776503E-011
         476   1.5959828595824796E-011
         477   1.5896712171061439E-011
         478   1.5834437564754116E-011
         479   1.5772983848381685E-011
         480   1.5712330400132902E-011
         481   1.5652457075705678E-011
         482   1.5593344285019594E-011
         483   1.5534972967003053E-011
         484   1.5477324128266989E-011
         485   1.5420378449775124E-011
         486   1.5364116198993477E-011
         487   1.5308517495662702E-011
         488   1.5253562623093924E-011
         489   1.5199231952478702E-011
         490   1.5145505727188691E-011
         491   1.5092363833090754E-011
         492   1.5039785744510340E-011
         493   1.4987750569460254E-011
         494   1.4936237122723852E-011
         495   1.4885223864249240E-011
         496   1.4834688524540139E-011
         497   1.4784607690544373E-011
         498   1.4747384385930349E-011
         499   1.4710283653846006E-011
         500   1.4661229457889857E-011
         501   1.4624732522827292E-011
         502   1.4588322747928531E-011
         503   1.4540128347680243E-011
         504   1.4498238455328616E-011
         505   1.4468374551882275E-011
         506   1.4426818362504721E-011
         507   1.4391295606624146E-011
         508   1.4367672632453304E-011
         509   1.4330862664156638E-011
         510   1.4302871469843606E-011
         511   1.4273599514687446E-011
         512   1.4244230753916044E-011
         513   1.4217848740781464E-011
         514   1.4185621838938960E-011
         515   1.4150456698877898E-011
         516   1.4121118926079178E-011
         517   1.4091773017209783E-011
         518   1.4062352367172916E-011
         519   1.4032892586153252E-011
         520   1.4007853203934163E-011
         521   1.3976621388784607E-011
         522   1.3953620956887400E-011
         523   1.3916974918056203E-011
         524   1.3895933009976108E-011
         525   1.3874901927353291E-011
         526   1.3850590006273540E-011
         527   1.3820048505686251E-011
         528   1.3795441146051746E-011
         529   1.3764434568976042E-011
         530   1.3745682434843980E-011
         531   1.3715720857666910E-011
         532   1.3694275203741898E-011
         533   1.3672574902154456E-011
         534   1.3645867996556830E-011
         535   1.3625318719236818E-011
         536   1.3605424319596774E-011
         537   1.3589586703219875E-011
         538   1.3574423033558773E-011
         539   1.3546209960330222E-011
         540   1.3528935589092612E-011
         541   1.3504408807464007E-011
         542   1.3488525268711323E-011
         543   1.3465091096771071E-011
         544   1.3449639762356563E-011
         545   1.3428829393726915E-011
         546   1.3402023291800251E-011
         547   1.3386708012373014E-011
         548   1.3371158604599224E-011
         549   1.3351514705748598E-011
         550   1.3331402098984370E-011
         551   1.3311003979912604E-011
         552   1.3290184295664987E-011
         553   1.3268868758238340E-011
         554   1.3255808288905728E-011
         555   1.3233727955334376E-011
         556   1.3220189775670334E-011
         557   1.3201907796677443E-011
         558   1.3183054923280456E-011
         559   1.3168769399642077E-011
         560   1.3154126961071175E-011
         561   1.3134186982621599E-011
         562   1.3124039434123623E-011
         563   1.3103177029346480E-011
         564   1.3087211989328048E-011
         565   1.3070862089021168E-011
         566   1.3056925016129012E-011
         567   1.3042764295350971E-011
         568   1.3019277284333027E-011
         569   1.3007224680645030E-011
         570   1.2991881412918894E-011
         571   1.2976049546181207E-011
         572   1.2966298749351916E-011
         573   1.2949835787703934E-011
         574   1.2936292793924636E-011
         575   1.2918797275517053E-011
         576   1.2900712768041142E-011
         577   1.2889597118033139E-011
         578   1.2878199859307494E-011
         579   1.2862743500340432E-011
         580   1.2850781845910742E-011
         581   1.2838479204675311E-011
         582   1.2825810791051477E-011
         583   1.2817148265462869E-011
         584   1.2803965671575189E-011
         585   1.2794990898592328E-011
         586   1.2781147527368288E-011
         587   1.2771646914718843E-011
         588   1.2756956797489348E-011
         589   1.2749399945625727E-011
         590   1.2736468596036402E-011
         591   1.2725941816724562E-011
         592   1.2715113691963308E-011
         593   1.2703962793679735E-011
         594   1.2692465289065950E-011
         595   1.2677699065226993E-011
         596   1.2668539553257912E-011
         597   1.2659138188640117E-011
         598   1.2649478921646188E-011
         599   1.2636257286001064E-011
         600   1.2626064093306421E-011
         601   1.2615554566800899E-011
         602   1.2608360457151614E-011
         603   1.2597268717195756E-011
         604   1.2589660725456297E-011
         605   1.2577905041740567E-011
         606   1.2567769343841096E-011
         607   1.2557299448389967E-011
         608   1.2550845448179012E-011
         609   1.2539781635631898E-011
         610   1.2530633904308235E-011
         611   1.2521201822749522E-011
         612   1.2511529242379440E-011
         613   1.2504112860883060E-011
         614   1.2496505354985173E-011
         615   1.2488694758313039E-011
         616   1.2480667726880431E-011
         617   1.2472409377371515E-011
         618   1.2463903204906865E-011
         619   1.2458085643800855E-011
         620   1.2449124923654285E-011
         621   1.2442985161413498E-011
         622   1.2433509566583151E-011
         623   1.2427003423786491E-011
         624   1.2417029785483709E-011
         625   1.2410166815685979E-011
         626   1.2399525437061475E-011
         627   1.2390312245438323E-011
         628   1.2380755852652394E-011
         629   1.2374844174403621E-011
         630   1.2364672156870745E-011
         631   1.2358363352854743E-011
         632   1.2351889388764312E-011
         633   1.2345240015250118E-011
         634   1.2338403885456233E-011
         635   1.2328976828450213E-011
         636   1.2321653150321224E-011
         637   1.2314094345694910E-011
         638   1.2308915387660417E-011
         639   1.2300923102846951E-011
         640   1.2295435995318139E-011
         641   1.2289064687192078E-011
         642   1.2281735377062347E-011
         643   1.2274158706226167E-011
         644   1.2268301638953389E-011
         645   1.2262284508230355E-011
         646   1.2256096743194134E-011
         647   1.2249726698537942E-011
         648   1.2243161577264203E-011
         649   1.2234080541583395E-011
         650   1.2229388777334756E-011
         651   1.2222330097481245E-011
         652   1.2215117200204737E-011
         653   1.2210163963084879E-011
         654   1.2202500854922429E-011
         655   1.2197225214931340E-011
         656   1.2189041123462523E-011
         657   1.2183390515264966E-011
         658   1.2177572443072667E-011
         659   1.2171575455484446E-011
         660   1.2165386797721445E-011
         661   1.2160610802420731E-011
         662   1.2155712081165963E-011
         663   1.2148976604151256E-011
         664   1.2145515673460273E-011
         665   1.2138394469989212E-011
         666   1.2134727825119653E-011
         667   1.2127166878184244E-011
         668   1.2123264879747048E-011
         669   1.2117249218891076E-011
         670   1.2111024723538821E-011
         671   1.2106750538988999E-011
         672   1.2100138673118341E-011
         673   1.2095587316713665E-011
         674   1.2090913046375980E-011
         675   1.2083654268617192E-011
         676   1.2078637076929873E-011
         677   1.2073466449685926E-011
         678   1.2068131600799190E-011
         679   1.2062620432709874E-011
         680   1.2056919266022306E-011
         681   1.2051012496179506E-011
         682   1.2044882254300755E-011
         683   1.2041726904945557E-011
         684   1.2036873670566795E-011
         685   1.2031867058086125E-011
         686   1.2024933932917655E-011
         687   1.2021348241104718E-011
         688   1.2015809379446336E-011
         689   1.2010063469117765E-011
         690   1.2006108648809707E-011
         691   1.1999975176957502E-011
         692   1.1995741629323441E-011
         693   1.1991383708064926E-011
         694   1.1984595488021685E-011
         695   1.1981079310346598E-011
         696   1.1977475986004560E-011
         697   1.1972527421150028E-011
         698   1.1967401787325384E-011
         699   1.1962084001167720E-011
         700   1.1956556904741825E-011
         701   1.1952262469702530E-011
         702   1.1947830235735716E-011
         703   1.1941688862296916E-011
         704   1.1936893782572001E-011
         705   1.1931922015784125E-011
         706   1.1925700929508802E-011
         707   1.1921384426732563E-011
         708   1.1916920699726160E-011
         709   1.1910719924550319E-011
         710   1.1905864964248092E-011
         711   1.1900818115610928E-011
         712   1.1895561715668904E-011
         713   1.1890075107298341E-011
         714   1.1886277575442140E-011
         715   1.1882358989817064E-011
         716   1.1876234633891602E-011
         717   1.1871972300054261E-011
         718   1.1867553054952307E-011
         719   1.1862963586071157E-011
         720   1.1860600263255967E-011
         721   1.1855726027120585E-011
         722   1.1851931630058089E-011
         723   1.1848008392407618E-011
         724   1.1843946274767687E-011
         725   1.1839734109177360E-011
         726   1.1835359322444889E-011
         727   1.1832345461511646E-011
         728   1.1827666762304790E-011
         729   1.1824434607731610E-011
         730   1.1821105065817749E-011
         731   1.1817671521581612E-011
         732   1.1814126718875310E-011
         733   1.1812310191576138E-011
         734   1.1808583333378735E-011
         735   1.1804723854873768E-011
         736   1.1802741391058534E-011
         737   1.1798663655895004E-011
         738   1.1796565810547225E-011
         739   1.1793340522428706E-011
         740   1.1791691252739704E-011
         741   1.1790016522457430E-011
         742   1.1786587345807378E-011
         743   1.1783047406843257E-011
         744   1.1780623379733534E-011
         745   1.1778770508997259E-011
         746   1.1776886982532598E-011
         747   1.1774972268632913E-011
         748   1.1773025963146707E-011
         749   1.1771047841448430E-011
         750   1.1769845840094213E-011
         751   1.1768225392028103E-011
         752   1.1766033602143806E-011
         753   1.1764925103898122E-011
         754   1.1763808350799075E-011
         755   1.1762683666943610E-011
         756   1.1760411340523534E-011
         757   1.1759265534311832E-011
         758   1.1758113777202219E-011
         759   1.1756956627759694E-011
         760   1.1755211467792692E-011
         761   1.1754041783856470E-011
         762   1.1753454765467624E-011
         763   1.1752275824297185E-011
         764   1.1751683322783416E-011
         765   1.1751088540262266E-011
         766   1.1749891326928923E-011
         767   1.1748681889836511E-011
         768   1.1748071796575532E-011
         769   1.1747457813171327E-011
         770   1.1746217235192505E-011
         771   1.1744957625887747E-011
         772   1.1743676535417973E-011
         773   1.1742041232769875E-011
         774   1.1741039649731409E-011
         775   1.1739678255755306E-011
         776   1.1738284363827938E-011
         777   1.1737574158064457E-011
         778   1.1736125493769843E-011
         779   1.1735012274648143E-011
         780   1.1733874421550957E-011
         781   1.1732316043849513E-011
         782   1.1731113668198572E-011
         783   1.1730046550660811E-011
         784   1.1728010159910728E-011
         785   1.1726600495770480E-011
         786   1.1725878670023943E-011
         787   1.1725144935100747E-011
         788   1.1724847986004524E-011
