   0.0000000000000000        0.0000000000000000     
   1.0000000000000000        7.7493603477096745E-002
   2.0000000000000000       0.31448651116158544     
   3.0000000000000000       0.70961011027342102     
   4.0000000000000000        1.2627645167905610     
   5.0000000000000000        1.9739002125063483     
   6.0000000000000000        2.8429767999135467     
   7.0000000000000000        3.8699565784649637     
   8.0000000000000000        5.0548028753213154     
   9.0000000000000000        6.3974794524347249     
   10.000000000000000        7.8979500819576129     
   11.000000000000000        9.5561775078891191     
   12.000000000000000        11.372120326533757     
   13.000000000000000        13.345725441861140     
   14.000000000000000        15.476913401937844     
   15.000000000000000        17.765554575942804     
   16.000000000000000        20.211435679198363     
   17.000000000000000        22.814218031903927     
   18.000000000000000        25.573390517417607     
   19.000000000000000        28.488221094548425     
   20.000000000000000        31.557710832765149     
   21.000000000000000        34.780553925470748     
   22.000000000000000        38.155106240824352     
   23.000000000000000        41.679363936000385     
   24.000000000000000        45.350952675681889     
   25.000000000000000        49.167127172686335     
   26.000000000000000        53.124780157247621     
   27.000000000000000        57.220459484593412     
   28.000000000000000        61.450391883111067     
   29.000000000000000        65.810511789668496     
   30.000000000000000        70.296493773891072     
   31.000000000000000        74.903787182094916     
   32.000000000000000        79.627651803061710     
   33.000000000000000        84.463193547940136     
   34.000000000000000        89.405399327975687     
   35.000000000000000        94.449170495009042     
   36.000000000000000        99.589354373679853     
   37.000000000000000        104.82077355759139     
   38.000000000000000        110.13825276311240     
   39.000000000000000        115.53664313462511     
   40.000000000000000        121.01084397537834     
   41.000000000000000        126.55582194074951     
   42.000000000000000        132.16662777800491     
   43.000000000000000        137.83841073092265     
   44.000000000000000        143.56643075105947     
   45.000000000000000        149.34606867214643     
   46.000000000000000        155.17283451171264     
   47.000000000000000        161.04237406626262     
   48.000000000000000        166.95047396435868     
   49.000000000000000        172.89306533692169     
   50.000000000000000        178.86622625684657     
   51.000000000000000        184.86618309132851     
   52.000000000000000        190.88931090068374     
   53.000000000000000        196.93213300739004     
   54.000000000000000        202.99131984886264     
   55.000000000000000        209.06368721741435     
   56.000000000000000        215.14619398109238     
   57.000000000000000        221.23593936973660     
   58.000000000000000        227.33015990184421     
   59.000000000000000        233.42622601956757     
   60.000000000000000        239.52163849157995     
   61.000000000000000        245.61402463650987     
   62.000000000000000        251.70113441325535     
   63.000000000000000        257.78083641863685     
   64.000000000000000        263.85111382758134     
   65.000000000000000        269.91006030625533     
   66.000000000000000        275.95587592432332     
   67.000000000000000        281.98686308864018     
   68.000000000000000        288.00142251734491     
   69.000000000000000        293.99804927024059     
   70.000000000000000        299.97532884871077     
   71.000000000000000        305.93193337605686     
   72.000000000000000        311.86661786704661     
   73.000000000000000        317.77821659367180     
   74.000000000000000        323.66563955252036     
   75.000000000000000        329.52786903776996     
   76.000000000000000        335.36395632264197     
   77.000000000000000        341.17301845110808     
   78.000000000000000        346.95423514074440     
   79.000000000000000        352.70684579690885     
   80.000000000000000        358.43014663772567     
   81.000000000000000        364.12348792886246     
   82.000000000000000        369.78627132661046     
   83.000000000000000        375.41794732739726     
   84.000000000000000        381.01801282158169     
   85.000000000000000        386.58600874909808     
   86.000000000000000        392.12151785435856     
   87.000000000000000        397.62416253763143     
   88.000000000000000        403.09360280003125     
   89.000000000000000        408.52953427917646     
   90.000000000000000        413.93168637249590     
   91.000000000000000        419.29982044517857     
   92.000000000000000        424.63372811971152     
   93.000000000000000        429.93322964401528     
   94.000000000000000        435.19817233517506     
   95.000000000000000        440.42842909581606     
   96.000000000000000        445.62389700024556     
   97.000000000000000        450.78449594751692     
   98.000000000000000        455.91016737863674     
   99.000000000000000        461.00087305524602     
   100.00000000000000        466.05659389711803     
   101.00000000000000        471.07732887597018     
   102.00000000000000        476.06309396309780     
   103.00000000000000        481.01392112845735     
   104.00000000000000        485.92985738892696     
   105.00000000000000        490.81096390349148     
   106.00000000000000        495.65731511325191     
   107.00000000000000        500.46899792419975     
   108.00000000000000        505.24611093078113     
   109.00000000000000        509.98876367837210     
   110.00000000000000        514.69707596283729     
   111.00000000000000        519.37117716545265     
   112.00000000000000        524.01120562150982     
   113.00000000000000        528.61730802102250     
   114.00000000000000        533.18963883999436     
   115.00000000000000        537.72835980081754     
   116.00000000000000        542.23363936038072     
   117.00000000000000        546.70565222457060     
   118.00000000000000        551.14457888789764     
   119.00000000000000        555.55060519702693     
   120.00000000000000        559.92392193706212     
   121.00000000000000        564.26472443946977     
   122.00000000000000        568.57321221060840     
   123.00000000000000        572.84958857983804     
   124.00000000000000        577.09406036626706     
   125.00000000000000        581.30683756322094     
   126.00000000000000        585.48813303956456     
   127.00000000000000        589.63816225704761     
   128.00000000000000        593.75714300288928     
   129.00000000000000        597.84529513685186     
   130.00000000000000        601.90284035207787     
   131.00000000000000        605.93000194903016     
   132.00000000000000        609.92700462186917     
   133.00000000000000        613.89407425666207     
   134.00000000000000        617.83143774082339     
   135.00000000000000        621.73932278325276     
   136.00000000000000        625.61795774460973     
   137.00000000000000        629.46757147724134     
   138.00000000000000        633.28839317428071     
   139.00000000000000        637.08065222743141     
   140.00000000000000        640.84457809305059     
   141.00000000000000        644.58040016606287     
   142.00000000000000        648.28834766135935     
   143.00000000000000        651.96864950227041     
   144.00000000000000        655.62153421578307     
   145.00000000000000        659.24722983412948     
   146.00000000000000        662.84596380247751     
   147.00000000000000        666.41796289235481     
   148.00000000000000        669.96345312056030     
   149.00000000000000        673.48265967326915     
   150.00000000000000        676.97580683506021     
   151.00000000000000        680.44311792263261     
   152.00000000000000        683.88481522295137     
   153.00000000000000        687.30111993561832     
   154.00000000000000        690.69225211923242     
   155.00000000000000        694.05843064153839     
   156.00000000000000        697.39987313318511     
   157.00000000000000        700.71679594488353     
   158.00000000000000        704.00941410779933     
   159.00000000000000        707.27794129701908     
   160.00000000000000        710.52258979791611     
   161.00000000000000        713.74357047526848     
   162.00000000000000        716.94109274499385     
   163.00000000000000        720.11536454835550     
   164.00000000000000        723.26659232850443     
   165.00000000000000        726.39498100924357     
   166.00000000000000        729.50073397588824     
   167.00000000000000        732.58405305811561     
   168.00000000000000        735.64513851469212     
   169.00000000000000        738.68418901998052     
   170.00000000000000        741.70140165213036     
   171.00000000000000        744.69697188285113     
   172.00000000000000        747.67109356869469     
   173.00000000000000        750.62395894375879     
   174.00000000000000        753.55575861371233     
   175.00000000000000        756.46668155111684     
   176.00000000000000        759.35691509191088     
   177.00000000000000        762.22664493304114     
   178.00000000000000        765.07605513114822     
   179.00000000000000        767.90532810224079     
   180.00000000000000        770.71464462233189     
   181.00000000000000        773.50418382895157     
   182.00000000000000        776.27412322348709     
   183.00000000000000        779.02463867431004     
   184.00000000000000        781.75590442065243     
   185.00000000000000        784.46809307714852     
   186.00000000000000        787.16137563904886     
   187.00000000000000        789.83592148802074     
   188.00000000000000        792.49189839853364     
   189.00000000000000        795.12947254476342     
   190.00000000000000        797.74880850799980     
   191.00000000000000        800.35006928451253     
   192.00000000000000        802.93341629385179     
   193.00000000000000        805.49900938755115     
   194.00000000000000        808.04700685819523     
   195.00000000000000        810.57756544884694     
   196.00000000000000        813.09084036278568     
   197.00000000000000        815.58698527353965     
   198.00000000000000        818.06615233520097     
   199.00000000000000        820.52849219298173     
   200.00000000000000        822.97415399400916     
   201.00000000000000        825.40328539832365     
   202.00000000000000        827.81603259007659     
   203.00000000000000        830.21254028889348     
   204.00000000000000        832.59295176140256     
   205.00000000000000        834.95740883290398     
   206.00000000000000        837.30605189916321     
   207.00000000000000        839.63901993831587     
   208.00000000000000        841.95645052287512     
   209.00000000000000        844.25847983182371     
   210.00000000000000        846.54524266278293     
   211.00000000000000        848.81687244423904     
   212.00000000000000        851.07350124782408     
   213.00000000000000        853.31525980064305     
   214.00000000000000        855.54227749762572     
   215.00000000000000        857.75468241390729     
   216.00000000000000        859.95260131722262     
   217.00000000000000        862.13615968030570     
   218.00000000000000        864.30548169328870     
   219.00000000000000        866.46069027609440     
   220.00000000000000        868.60190709080734     
   221.00000000000000        870.72925255403220     
   222.00000000000000        872.84284584922875     
   223.00000000000000        874.94280493899009     
   224.00000000000000        877.02924657730796     
   225.00000000000000        879.10228632179098     
   226.00000000000000        881.16203854582352     
   227.00000000000000        883.20861645068089     
   228.00000000000000        885.24213207758623     
   229.00000000000000        887.26269631971149     
   230.00000000000000        889.27041893410853     
   231.00000000000000        891.26540855357780     
   232.00000000000000        893.24777269846811     
   233.00000000000000        895.21761778839596     
   234.00000000000000        897.17504915390612     
   235.00000000000000        899.12017104803590     
   236.00000000000000        901.05308665780694     
   237.00000000000000        902.97389811564324     
   238.00000000000000        904.88270651069206     
   239.00000000000000        906.77961190007113     
   240.00000000000000        908.66471332001015     
   241.00000000000000        910.53810879693356     
   242.00000000000000        912.39989535842119     
   243.00000000000000        914.25016904410290     
   244.00000000000000        916.08902491644358     
   245.00000000000000        917.91655707144275     
   246.00000000000000        919.73285864924617     
   247.00000000000000        921.53802184465110     
   248.00000000000000        923.33213791751825     
   249.00000000000000        925.11529720309568     
   250.00000000000000        926.88758912224125     
   251.00000000000000        928.64910219154490     
   252.00000000000000        930.39992403336305     
   253.00000000000000        932.14014138574441     
   254.00000000000000        933.86984011227025     
   255.00000000000000        935.58910521178495     
   256.00000000000000        937.29802082804224     
   257.00000000000000        938.99667025924634     
   258.00000000000000        940.68513596748528     
   259.00000000000000        942.36349958809808     
   260.00000000000000        944.03184193891116     
   261.00000000000000        945.69024302939704     
   262.00000000000000        947.33878206973156     
   263.00000000000000        948.97753747975901     
   264.00000000000000        950.60658689784941     
   265.00000000000000        952.22600718967828     
   266.00000000000000        953.83587445689898     
   267.00000000000000        955.43626404572012     
   268.00000000000000        957.02725055539918     
   269.00000000000000        958.60890784663786     
   270.00000000000000        960.18130904987265     
   271.00000000000000        961.74452657349832     
   272.00000000000000        963.29863211197244     
   273.00000000000000        964.84369665385202     
   274.00000000000000        966.37979048972625     
   275.00000000000000        967.90698322005812     
   276.00000000000000        969.42534376295043     
   277.00000000000000        970.93494036181175     
   278.00000000000000        972.43584059293130     
   279.00000000000000        973.92811137298497     
   280.00000000000000        975.41181896643286     
   281.00000000000000        976.88702899285499     
   282.00000000000000        978.35380643417454     
   283.00000000000000        979.81221564182181     
   284.00000000000000        981.26232034380530     
   285.00000000000000        982.70418365169155     
   286.00000000000000        984.13786806752944     
   287.00000000000000        985.56343549065230     
   288.00000000000000        986.98094722444341     
   289.00000000000000        988.39046398299672     
   290.00000000000000        989.79204589770040     
   291.00000000000000        991.18575252374910     
   292.00000000000000        992.57164284658120     
   293.00000000000000        993.94977528823051     
   294.00000000000000        995.32020771361431     
   295.00000000000000        996.68299743672969     
   296.00000000000000        998.03820122679292     
   297.00000000000000        999.38587531430790     
   298.00000000000000        1000.7260753970355     
   299.00000000000000        1002.0588566459263     
   300.00000000000000        1003.3842737109530     
   301.00000000000000        1004.7023807268956     
   302.00000000000000        1006.0132313190462     
   303.00000000000000        1007.3168786088463     
   304.00000000000000        1008.6133752194511     
   305.00000000000000        1009.9027732812407     
   306.00000000000000        1011.1851244372552     
   307.00000000000000        1012.4604798485665     
   308.00000000000000        1013.7288901995885     
   309.00000000000000        1014.9904057033169     
   310.00000000000000        1016.2450761065066     
   311.00000000000000        1017.4929506947992     
   312.00000000000000        1018.7340782977767     
   313.00000000000000        1019.9685072939490     
   314.00000000000000        1021.1962856157039     
   315.00000000000000        1022.4174607541653     
   316.00000000000000        1023.6320797640276     
   317.00000000000000        1024.8401892683050     
   318.00000000000000        1026.0418354630344     
   319.00000000000000        1027.2370641219252     
   320.00000000000000        1028.4259206009388     
   321.00000000000000        1029.6084498428336     
   322.00000000000000        1030.7846963816380     
   323.00000000000000        1031.9547043470786     
   324.00000000000000        1033.1185174689465     
   325.00000000000000        1034.2761790814218     
   326.00000000000000        1035.4277321273421     
   327.00000000000000        1036.5732191624097     
   328.00000000000000        1037.7126823593680     
   329.00000000000000        1038.8461635121096     
   330.00000000000000        1039.9737040397404     
   331.00000000000000        1041.0953449906042     
   332.00000000000000        1042.2111270462428     
   333.00000000000000        1043.3210905253175     
   334.00000000000000        1044.4252753874903     
   335.00000000000000        1045.5237212372401     
   336.00000000000000        1046.6164673276551     
   337.00000000000000        1047.7035525641568     
   338.00000000000000        1048.7850155082049     
   339.00000000000000        1049.8608943809309     
   340.00000000000000        1050.9312270667458     
   341.00000000000000        1051.9960511169120     
   342.00000000000000        1053.0554037530371     
   343.00000000000000        1054.1093218705705     
   344.00000000000000        1055.1578420422297     
   345.00000000000000        1056.2010005213947     
   346.00000000000000        1057.2388332454566     
   347.00000000000000        1058.2713758391346     
   348.00000000000000        1059.2986636177486     
   349.00000000000000        1060.3207315904599     
   350.00000000000000        1061.3376144634515     
   351.00000000000000        1062.3493466430989     
   352.00000000000000        1063.3559622390901     
   353.00000000000000        1064.3574950675034     
   354.00000000000000        1065.3539786538620     
   355.00000000000000        1066.3454462361358     
   356.00000000000000        1067.3319307677273     
   357.00000000000000        1068.3134649204012     
   358.00000000000000        1069.2900810872034     
   359.00000000000000        1070.2618113853187     
   360.00000000000000        1071.2286876589153     
   361.00000000000000        1072.1907414819505     
   362.00000000000000        1073.1480041609377     
   363.00000000000000        1074.1005067376889     
   364.00000000000000        1075.0482799920235     
   365.00000000000000        1075.9913544444298     
   366.00000000000000        1076.9297603587279     
   367.00000000000000        1077.8635277446633     
   368.00000000000000        1078.7926863605121     
   369.00000000000000        1079.7172657156086     
   370.00000000000000        1080.6372950728828     
   371.00000000000000        1081.5528034513477     
   372.00000000000000        1082.4638196285696     
   373.00000000000000        1083.3703721430895     
   374.00000000000000        1084.2724892968522     
   375.00000000000000        1085.1701991575621     
   376.00000000000000        1086.0635295610521     
   377.00000000000000        1086.9525081135951     
   378.00000000000000        1087.8371621942165     
   379.00000000000000        1088.7175189569498     
   380.00000000000000        1089.5936053330884     
   381.00000000000000        1090.4654480334127     
   382.00000000000000        1091.3330735503671     
   383.00000000000000        1092.1965081602411     
   384.00000000000000        1093.0557779253088     
   385.00000000000000        1093.9109086959456     
   386.00000000000000        1094.7619261127300     
   387.00000000000000        1095.6088556085019     
   388.00000000000000        1096.4517224104263     
   389.00000000000000        1097.2905515419982     
   390.00000000000000        1098.1253678250646     
   391.00000000000000        1098.9561958817801     
   392.00000000000000        1099.7830601365802     
   393.00000000000000        1100.6059848181055     
   394.00000000000000        1101.4249939611177     
   395.00000000000000        1102.2401114083843     
   396.00000000000000        1103.0513608125509     
   397.00000000000000        1103.8587656379871     
   398.00000000000000        1104.6623491626183     
   399.00000000000000        1105.4621344797190     
   400.00000000000000        1106.2581444997145     
   401.00000000000000        1107.0504019519281     
   402.00000000000000        1107.8389293863463     
   403.00000000000000        1108.6237491753352     
   404.00000000000000        1109.4048835153408     
   405.00000000000000        1110.1823544285955     
   406.00000000000000        1110.9561837647639     
   407.00000000000000        1111.7263932026108     
   408.00000000000000        1112.4930042516303     
   409.00000000000000        1113.2560382536512     
   410.00000000000000        1114.0155163844502     
   411.00000000000000        1114.7714596553030     
   412.00000000000000        1115.5238889145692     
   413.00000000000000        1116.2728248492308     
   414.00000000000000        1117.0182879864105     
   415.00000000000000        1117.7602986948941     
   416.00000000000000        1118.4988771866044     
   417.00000000000000        1119.2340435181004     
   418.00000000000000        1119.9658175920231     
   419.00000000000000        1120.6942191585431     
   420.00000000000000        1121.4192678167922     
   421.00000000000000        1122.1409830162766     
   422.00000000000000        1122.8593840582669     
   423.00000000000000        1123.5744900971913     
   424.00000000000000        1124.2863201419948     
   425.00000000000000        1124.9948930574940     
   426.00000000000000        1125.7002275657192     
   427.00000000000000        1126.4023422472280     
   428.00000000000000        1127.1012555424256     
   429.00000000000000        1127.7969857528508     
   430.00000000000000        1128.4895510424606     
   431.00000000000000        1129.1789694389006     
   432.00000000000000        1129.8652588347450     
   433.00000000000000        1130.5484369887549     
   434.00000000000000        1131.2285215270913     
   435.00000000000000        1131.9055299445349     
   436.00000000000000        1132.5794796056832     
   437.00000000000000        1133.2503877461395     
   438.00000000000000        1133.9182714736876     
   439.00000000000000        1134.5831477694549     
   440.00000000000000        1135.2450334890598     
   441.00000000000000        1135.9039453637538     
   442.00000000000000        1136.5599000015397     
   443.00000000000000        1137.2129138882979     
   444.00000000000000        1137.8630033888726     
   445.00000000000000        1138.5101847481744     
   446.00000000000000        1139.1544740922548     
   447.00000000000000        1139.7958874293697     
   448.00000000000000        1140.4344406510431     
   449.00000000000000        1141.0701495331032     
   450.00000000000000        1141.7030297367276     
   451.00000000000000        1142.3330968094588     
   452.00000000000000        1142.9603661862116     
   453.00000000000000        1143.5848531902909     
   454.00000000000000        1144.2065730343686     
   455.00000000000000        1144.8255408214700     
   456.00000000000000        1145.4417715459440     
   457.00000000000000        1146.0552800944211     
   458.00000000000000        1146.6660812467799     
   459.00000000000000        1147.2741896770622     
   460.00000000000000        1147.8796199544254     
   461.00000000000000        1148.4823865440501     
   462.00000000000000        1149.0825038080618     
   463.00000000000000        1149.6799860064316     
   464.00000000000000        1150.2748472978651     
   465.00000000000000        1150.8671017406891     
   466.00000000000000        1151.4567632937290     
   467.00000000000000        1152.0438458171725     
   468.00000000000000        1152.6283630734233     
   469.00000000000000        1153.2103287279615     
   470.00000000000000        1153.7897563501654     
   471.00000000000000        1154.3666594141653     
   472.00000000000000        1154.9410512996392     
   473.00000000000000        1155.5129452926542     
   474.00000000000000        1156.0823545864512     
   475.00000000000000        1156.6492922822595     
   476.00000000000000        1157.2137713900722     
   477.00000000000000        1157.7758048294404     
   478.00000000000000        1158.3354054302386     
   479.00000000000000        1158.8925859334381     
   480.00000000000000        1159.4473589918566     
   481.00000000000000        1159.9997371709171     
   482.00000000000000        1160.5497329493890     
   483.00000000000000        1161.0973587201245     
   484.00000000000000        1161.6426267907798     
   485.00000000000000        1162.1855493845496     
   486.00000000000000        1162.7261386408682     
   487.00000000000000        1163.2644066161283     
   488.00000000000000        1163.8003652843693     
   489.00000000000000        1164.3340265379800     
   490.00000000000000        1164.8654021883819     
   491.00000000000000        1165.3945039667014     
   492.00000000000000        1165.9213435244544     
   493.00000000000000        1166.4459324342010     
   494.00000000000000        1166.9682821902145     
   495.00000000000000        1167.4884042091246     
   496.00000000000000        1168.0063098305752     
   497.00000000000000        1168.5220103178497     
   498.00000000000000        1169.0355168585236     
   499.00000000000000        1169.5468405650765     
   500.00000000000000        1170.0559924755103     
   501.00000000000000        1170.5629835539946     
   502.00000000000000        1171.0678246914290     
   503.00000000000000        1171.5705267060944     
   504.00000000000000        1172.0711003442109     
   505.00000000000000        1172.5695562805597     
   506.00000000000000        1173.0659051190494     
   507.00000000000000        1173.5601573933077     
   508.00000000000000        1174.0523235672442     
   509.00000000000000        1174.5424140356361     
   510.00000000000000        1175.0304391246782     
   511.00000000000000        1175.5164090925477     
   512.00000000000000        1176.0003341299534     
   513.00000000000000        1176.4822243606866     
   514.00000000000000        1176.9620898421629     
   515.00000000000000        1177.4399405659535     
   516.00000000000000        1177.9157864583294     
   517.00000000000000        1178.3896373807743     
   518.00000000000000        1178.8615031305198     
   519.00000000000000        1179.3313934410530     
   520.00000000000000        1179.7993179826256     
   521.00000000000000        1180.2652863627766     
   522.00000000000000        1180.7293081268167     
   523.00000000000000        1181.1913927583403     
   524.00000000000000        1181.6515496797056     
   525.00000000000000        1182.1097882525346     
   526.00000000000000        1182.5661177781883     
   527.00000000000000        1183.0205474982524     
   528.00000000000000        1183.4730865950005     
   529.00000000000000        1183.9237441918799     
   530.00000000000000        1184.3725293539655     
   531.00000000000000        1184.8194510884264     
   532.00000000000000        1185.2645183449756     
   533.00000000000000        1185.7077400163400     
   534.00000000000000        1186.1491249386881     
   535.00000000000000        1186.5886818920858     
   536.00000000000000        1187.0264196009355     
   537.00000000000000        1187.4623467344111     
   538.00000000000000        1187.8964719068883     
   539.00000000000000        1188.3288036783779     
   540.00000000000000        1188.7593505549426     
   541.00000000000000        1189.1881209891249     
   542.00000000000000        1189.6151233803569     
   543.00000000000000        1190.0403660753743     
   544.00000000000000        1190.4638573686311     
   545.00000000000000        1190.8856055026963     
   546.00000000000000        1191.3056186686558     
   547.00000000000000        1191.7239050065211     
   548.00000000000000        1192.1404726056057     
   549.00000000000000        1192.5553295049294     
   550.00000000000000        1192.9684836935978     
   551.00000000000000        1193.3799431111918     
   552.00000000000000        1193.7897156481372     
   553.00000000000000        1194.1978091460912     
   554.00000000000000        1194.6042313983094     
   555.00000000000000        1195.0089901500203     
   556.00000000000000        1195.4120930987833     
   557.00000000000000        1195.8135478948586     
   558.00000000000000        1196.2133621415717     
   559.00000000000000        1196.6115433956461     
   560.00000000000000        1197.0080991675859     
   561.00000000000000        1197.4030369220106     
   562.00000000000000        1197.7963640780038     
   563.00000000000000        1198.1880880094582     
   564.00000000000000        1198.5782160454080     
   565.00000000000000        1198.9667554703824     
   566.00000000000000        1199.3537135247282     
   567.00000000000000        1199.7390974049445     
   568.00000000000000        1200.1229142640057     
   569.00000000000000        1200.5051712117065     
   570.00000000000000        1200.8858753149593     
   571.00000000000000        1201.2650335981311     
   572.00000000000000        1201.6426530433503     
   573.00000000000000        1202.0187405908384     
   574.00000000000000        1202.3933031391925     
   575.00000000000000        1202.7663475457257     
   576.00000000000000        1203.1378806267467     
   577.00000000000000        1203.5079091578839     
   578.00000000000000        1203.8764398743747     
   579.00000000000000        1204.2434794713633     
   580.00000000000000        1204.6090346042006     
   581.00000000000000        1204.9731118887335     
   582.00000000000000        1205.3357179016018     
   583.00000000000000        1205.6968591805173     
   584.00000000000000        1206.0565422245522     
   585.00000000000000        1206.4147734944252     
   586.00000000000000        1206.7715594127797     
   587.00000000000000        1207.1269063644602     
   588.00000000000000        1207.4808206967882     
   589.00000000000000        1207.8333087198371     
   590.00000000000000        1208.1843767067023     
   591.00000000000000        1208.5340308937696     
   592.00000000000000        1208.8822774809789     
   593.00000000000000        1209.2291226320899     
   594.00000000000000        1209.5745724749511     
   595.00000000000000        1209.9186331017415     
   596.00000000000000        1210.2613105692435     
   597.00000000000000        1210.6026108990934     
   598.00000000000000        1210.9425400780269     
   599.00000000000000        1211.2811040581435     
   600.00000000000000        1211.6183087571440     
   601.00000000000000        1211.9541600585801     
   602.00000000000000        1212.2886638120965     
   603.00000000000000        1212.6218258336764     
   604.00000000000000        1212.9536519058800     
   605.00000000000000        1213.2841477780828     
   606.00000000000000        1213.6133191667157     
   607.00000000000000        1213.9411717554876     
   608.00000000000000        1214.2677111956259     
   609.00000000000000        1214.5929431061072     
   610.00000000000000        1214.9168730738872     
   611.00000000000000        1215.2395066541173     
   612.00000000000000        1215.5608493703778     
   613.00000000000000        1215.8809067148957     
   614.00000000000000        1216.1996841487712     
   615.00000000000000        1216.5171871021903     
   616.00000000000000        1216.8334209746386     
   617.00000000000000        1217.1483911351270     
   618.00000000000000        1217.4621029224036     
   619.00000000000000        1217.7745616451489     
   620.00000000000000        1218.0857725822127     
   621.00000000000000        1218.3957409827992     
   622.00000000000000        1218.7044720666761     
   623.00000000000000        1219.0119710243971     
   624.00000000000000        1219.3182430174827     
   625.00000000000000        1219.6232931786351     
   626.00000000000000        1219.9271266119351     
   627.00000000000000        1220.2297483930333     
   628.00000000000000        1220.5311635693586     
   629.00000000000000        1220.8313771603016     
   630.00000000000000        1221.1303941574115     
   631.00000000000000        1221.4282195245937     
   632.00000000000000        1221.7248581982892     
   633.00000000000000        1222.0203150876714     
   634.00000000000000        1222.3145950748274     
   635.00000000000000        1222.6077030149452     
   636.00000000000000        1222.8996437365033     
   637.00000000000000        1223.1904220414401     
   638.00000000000000        1223.4800427053478     
   639.00000000000000        1223.7685104776479     
   640.00000000000000        1224.0558300817618     
   641.00000000000000        1224.3420062152966     
   642.00000000000000        1224.6270435502176     
   643.00000000000000        1224.9109467330197     
   644.00000000000000        1225.1937203849016     
   645.00000000000000        1225.4753691019353     
   646.00000000000000        1225.7558974552405     
   647.00000000000000        1226.0353099911404     
   648.00000000000000        1226.3136112313443     
   649.00000000000000        1226.5908056731048     
   650.00000000000000        1226.8668977893788     
   651.00000000000000        1227.1418920289946     
   652.00000000000000        1227.4157928168215     
   653.00000000000000        1227.6886045539084     
   654.00000000000000        1227.9603316176674     
   655.00000000000000        1228.2309783620096     
   656.00000000000000        1228.5005491175250     
   657.00000000000000        1228.7690481916120     
   658.00000000000000        1229.0364798686510     
   659.00000000000000        1229.3028484101501     
   660.00000000000000        1229.5681580548983     
   661.00000000000000        1229.8324130191008     
   662.00000000000000        1230.0956174965634     
   663.00000000000000        1230.3577756588031     
   664.00000000000000        1230.6188916552171     
   665.00000000000000        1230.8789696132205     
   666.00000000000000        1231.1380136383932     
   667.00000000000000        1231.3960278146208     
   668.00000000000000        1231.6530162042382     
   669.00000000000000        1231.9089828481731     
   670.00000000000000        1232.1639317660890     
   671.00000000000000        1232.4178669565079     
   672.00000000000000        1232.6707923969693     
   673.00000000000000        1232.9227120441499     
   674.00000000000000        1233.1736298340170     
   675.00000000000000        1233.4235496819433     
   676.00000000000000        1233.6724754828542     
   677.00000000000000        1233.9204111113559     
   678.00000000000000        1234.1673604218736     
   679.00000000000000        1234.4133272487670     
   680.00000000000000        1234.6583154064729     
   681.00000000000000        1234.9023286896268     
   682.00000000000000        1235.1453708732047     
   683.00000000000000        1235.3874457126276     
   684.00000000000000        1235.6285569439035     
   685.00000000000000        1235.8687082837430     
   686.00000000000000        1236.1079034296893     
   687.00000000000000        1236.3461460602421     
   688.00000000000000        1236.5834398349662     
   689.00000000000000        1236.8197883946350     
   690.00000000000000        1237.0551953613283     
   691.00000000000000        1237.2896643385664     
   692.00000000000000        1237.5231989114172     
   693.00000000000000        1237.7558026466227     
   694.00000000000000        1237.9874790927145     
   695.00000000000000        1238.2182317801194     
   696.00000000000000        1238.4480642212864     
   697.00000000000000        1238.6769799107922     
   698.00000000000000        1238.9049823254638     
   699.00000000000000        1239.1320749244728     
   700.00000000000000        1239.3582611494676     
   701.00000000000000        1239.5835444246718     
   702.00000000000000        1239.8079281569926     
   703.00000000000000        1240.0314157361368     
   704.00000000000000        1240.2540105347123     
   705.00000000000000        1240.4757159083390     
   706.00000000000000        1240.6965351957535     
   707.00000000000000        1240.9164717189196     
   708.00000000000000        1241.1355287831175     
   709.00000000000000        1241.3537096770735     
   710.00000000000000        1241.5710176730333     
   711.00000000000000        1241.7874560268933     
   712.00000000000000        1242.0030279782791     
   713.00000000000000        1242.2177367506583     
   714.00000000000000        1242.4315855514430     
   715.00000000000000        1242.6445775720822     
   716.00000000000000        1242.8567159881561     
   717.00000000000000        1243.0680039594893     
   718.00000000000000        1243.2784446302348     
   719.00000000000000        1243.4880411289805     
   720.00000000000000        1243.6967965688323     
   721.00000000000000        1243.9047140475261     
   722.00000000000000        1244.1117966475038     
   723.00000000000000        1244.3180474360208     
   724.00000000000000        1244.5234694652324     
   725.00000000000000        1244.7280657722922     
   726.00000000000000        1244.9318393794342     
   727.00000000000000        1245.1347932940735     
   728.00000000000000        1245.3369305088900     
   729.00000000000000        1245.5382540019220     
   730.00000000000000        1245.7387667366529     
   731.00000000000000        1245.9384716621030     
   732.00000000000000        1246.1373717129109     
   733.00000000000000        1246.3354698094292     
   734.00000000000000        1246.5327688577979     
   735.00000000000000        1246.7292717500529     
   736.00000000000000        1246.9249813641857     
   737.00000000000000        1247.1199005642409     
   738.00000000000000        1247.3140322004026     
   739.00000000000000        1247.5073791090717     
   740.00000000000000        1247.6999441129515     
   741.00000000000000        1247.8917300211317     
   742.00000000000000        1248.0827396291622     
   743.00000000000000        1248.2729757191455     
   744.00000000000000        1248.4624410598126     
   745.00000000000000        1248.6511384065918     
   746.00000000000000        1248.8390705017118     
   747.00000000000000        1249.0262400742556     
   748.00000000000000        1249.2126498402577     
   749.00000000000000        1249.3983025027680     
   750.00000000000000        1249.5832007519398     
   751.00000000000000        1249.7673472650981     
   752.00000000000000        1249.9507447068224     
   753.00000000000000        1250.1333957290119     
   754.00000000000000        1250.3153029709752     
   755.00000000000000        1250.4964690594913     
   756.00000000000000        1250.6768966088960     
   757.00000000000000        1250.8565882211390     
   758.00000000000000        1251.0355464858728     
   759.00000000000000        1251.2137739805153     
   760.00000000000000        1251.3912732703288     
   761.00000000000000        1251.5680469084780     
   762.00000000000000        1251.7440974361239     
   763.00000000000000        1251.9194273824662     
   764.00000000000000        1252.0940392648358     
   765.00000000000000        1252.2679355887528     
   766.00000000000000        1252.4411188480021     
   767.00000000000000        1252.6135915246962     
   768.00000000000000        1252.7853560893336     
   769.00000000000000        1252.9564150008971     
   770.00000000000000        1253.1267707068873     
   771.00000000000000        1253.2964256434113     
   772.00000000000000        1253.4653822352300     
   773.00000000000000        1253.6336428958473     
   774.00000000000000        1253.8012100275484     
   775.00000000000000        1253.9680860214914     
   776.00000000000000        1254.1342732577534     
   777.00000000000000        1254.2997741053930     
   778.00000000000000        1254.4645909225264     
   779.00000000000000        1254.6287260563863     
   780.00000000000000        1254.7921818433786     
   781.00000000000000        1254.9549606091437     
   782.00000000000000        1255.1170646686312     
   783.00000000000000        1255.2784963261474     
   784.00000000000000        1255.4392578754200     
   785.00000000000000        1255.5993515996631     
   786.00000000000000        1255.7587797716312     
   787.00000000000000        1255.9175446536815     
   788.00000000000000        1256.0756484978319     
   789.00000000000000        1256.2330935458251     
   790.00000000000000        1256.3898820291781     
   791.00000000000000        1256.5460161692454     
   792.00000000000000        1256.7014981772786     
   793.00000000000000        1256.8563302544790     
   794.00000000000000        1257.0105145920515     
   795.00000000000000        1257.1640533712730     
   796.00000000000000        1257.3169487635425     
   797.00000000000000        1257.4692029304256     
   798.00000000000000        1257.6208180237295     
   799.00000000000000        1257.7717961855431     
   800.00000000000000        1257.9221395482957     
   801.00000000000000        1258.0718502348184     
   802.00000000000000        1258.2209303583870     
   803.00000000000000        1258.3693820227784     
   804.00000000000000        1258.5172073223255     
   805.00000000000000        1258.6644083419762     
   806.00000000000000        1258.8109871573347     
   807.00000000000000        1258.9569458347148     
   808.00000000000000        1259.1022864312038     
   809.00000000000000        1259.2470109946973     
   810.00000000000000        1259.3911215639628     
   811.00000000000000        1259.5346201686823     
   812.00000000000000        1259.6775088295076     
   813.00000000000000        1259.8197895581097     
   814.00000000000000        1259.9614643572277     
   815.00000000000000        1260.1025352207159     
   816.00000000000000        1260.2430041335967     
   817.00000000000000        1260.3828730721075     
   818.00000000000000        1260.5221440037449     
   819.00000000000000        1260.6608188873242     
   820.00000000000000        1260.7988996730132     
   821.00000000000000        1260.9363883023934     
   822.00000000000000        1261.0732867084944     
   823.00000000000000        1261.2095968158458     
   824.00000000000000        1261.3453205405306     
   825.00000000000000        1261.4804597902173     
   826.00000000000000        1261.6150164642193     
   827.00000000000000        1261.7489924535321     
   828.00000000000000        1261.8823896408851     
   829.00000000000000        1262.0152099007776     
   830.00000000000000        1262.1474550995329     
   831.00000000000000        1262.2791270953360     
   832.00000000000000        1262.4102277382794     
   833.00000000000000        1262.5407588704152     
   834.00000000000000        1262.6707223257824     
   835.00000000000000        1262.8001199304654     
   836.00000000000000        1262.9289535026244     
   837.00000000000000        1263.0572248525532     
   838.00000000000000        1263.1849357827075     
   839.00000000000000        1263.3120880877516     
   840.00000000000000        1263.4386835546022     
   841.00000000000000        1263.5647239624755     
   842.00000000000000        1263.6902110829149     
   843.00000000000000        1263.8151466798392     
   844.00000000000000        1263.9395325095866     
   845.00000000000000        1264.0633703209551     
   846.00000000000000        1264.1866618552333     
   847.00000000000000        1264.3094088462531     
   848.00000000000000        1264.4316130204206     
   849.00000000000000        1264.5532760967581     
   850.00000000000000        1264.6743997869512     
   851.00000000000000        1264.7949857953674     
   852.00000000000000        1264.9150358191237     
   853.00000000000000        1265.0345515480979     
   854.00000000000000        1265.1535346649837     
   855.00000000000000        1265.2719868453223     
   856.00000000000000        1265.3899097575456     
   857.00000000000000        1265.5073050630042     
   858.00000000000000        1265.6241744160150     
   859.00000000000000        1265.7405194638893     
   860.00000000000000        1265.8563418469819     
   861.00000000000000        1265.9716431987122     
   862.00000000000000        1266.0864251456092     
   863.00000000000000        1266.2006893073544     
   864.00000000000000        1266.3144372968020     
   865.00000000000000        1266.4276707200299     
   866.00000000000000        1266.5403911763601     
   867.00000000000000        1266.6526002584117     
   868.00000000000000        1266.7642995521196     
   869.00000000000000        1266.8754906367797     
   870.00000000000000        1266.9861750850769     
   871.00000000000000        1267.0963544631275     
   872.00000000000000        1267.2060303305047     
   873.00000000000000        1267.3152042402803     
   874.00000000000000        1267.4238777390538     
   875.00000000000000        1267.5320523669775     
   876.00000000000000        1267.6397296578170     
   877.00000000000000        1267.7469111389528     
   878.00000000000000        1267.8535983314323     
   879.00000000000000        1267.9597927499956     
   880.00000000000000        1268.0654959031160     
   881.00000000000000        1268.1707092930144     
   882.00000000000000        1268.2754344157154     
   883.00000000000000        1268.3796727610597     
   884.00000000000000        1268.4834258127453     
   885.00000000000000        1268.5866950483562     
   886.00000000000000        1268.6894819393976     
   887.00000000000000        1268.7917879513200     
   888.00000000000000        1268.8936145435619     
   889.00000000000000        1268.9949631695599     
   890.00000000000000        1269.0958352768071     
   891.00000000000000        1269.1962323068544     
   892.00000000000000        1269.2961556953680     
   893.00000000000000        1269.3956068721409     
   894.00000000000000        1269.4945872611254     
   895.00000000000000        1269.5930982804705     
   896.00000000000000        1269.6911413425448     
   897.00000000000000        1269.7887178539684     
   898.00000000000000        1269.8858292156428     
   899.00000000000000        1269.9824768227766     
   900.00000000000000        1270.0786620649158     
   901.00000000000000        1270.1743863259746     
   902.00000000000000        1270.2696509842622     
   903.00000000000000        1270.3644574125037     
   904.00000000000000        1270.4588069778897     
   905.00000000000000        1270.5527010420778     
   906.00000000000000        1270.6461409612368     
   907.00000000000000        1270.7391280860722     
   908.00000000000000        1270.8316637618461     
   909.00000000000000        1270.9237493284170     
   910.00000000000000        1271.0153861202539     
   911.00000000000000        1271.1065754664703     
   912.00000000000000        1271.1973186908501     
   913.00000000000000        1271.2876171118776     
   914.00000000000000        1271.3774720427564     
   915.00000000000000        1271.4668847914379     
   916.00000000000000        1271.5558566606562     
   917.00000000000000        1271.6443889479378     
   918.00000000000000        1271.7324829456454     
   919.00000000000000        1271.8201399409891     
   920.00000000000000        1271.9073612160619     
   921.00000000000000        1271.9941480478572     
   922.00000000000000        1272.0805017082973     
   923.00000000000000        1272.1664234642649     
   924.00000000000000        1272.2519145776157     
   925.00000000000000        1272.3369763052144     
   926.00000000000000        1272.4216098989493     
   927.00000000000000        1272.5058166057677     
   928.00000000000000        1272.5895976676882     
   929.00000000000000        1272.6729543218382     
   930.00000000000000        1272.7558878004656     
   931.00000000000000        1272.8383993309719     
   932.00000000000000        1272.9204901359271     
   933.00000000000000        1273.0021614331094     
   934.00000000000000        1273.0834144355035     
   935.00000000000000        1273.1642503513465     
   936.00000000000000        1273.2446703841415     
   937.00000000000000        1273.3246757326865     
   938.00000000000000        1273.4042675910825     
   939.00000000000000        1273.4834471487779     
   940.00000000000000        1273.5622155905721     
   941.00000000000000        1273.6405740966522     
   942.00000000000000        1273.7185238425984     
   943.00000000000000        1273.7960659994353     
   944.00000000000000        1273.8732017336213     
   945.00000000000000        1273.9499322070869     
   946.00000000000000        1274.0262585772630     
   947.00000000000000        1274.1021819970861     
   948.00000000000000        1274.1777036150313     
   949.00000000000000        1274.2528245751341     
   950.00000000000000        1274.3275460170073     
   951.00000000000000        1274.4018690758621     
   952.00000000000000        1274.4757948825293     
   953.00000000000000        1274.5493245634902     
   954.00000000000000        1274.6224592408785     
   955.00000000000000        1274.6952000325234     
   956.00000000000000        1274.7675480519445     
   957.00000000000000        1274.8395044084029     
   958.00000000000000        1274.9110702068911     
   959.00000000000000        1274.9822465481807     
   960.00000000000000        1275.0530345288196     
   961.00000000000000        1275.1234352411670     
   962.00000000000000        1275.1934497734051     
   963.00000000000000        1275.2630792095663     
   964.00000000000000        1275.3323246295486     
   965.00000000000000        1275.4011871091332     
   966.00000000000000        1275.4696677200056     
   967.00000000000000        1275.5377675297816     
   968.00000000000000        1275.6054876020150     
   969.00000000000000        1275.6728289962273     
   970.00000000000000        1275.7397927679167     
   971.00000000000000        1275.8063799685908     
   972.00000000000000        1275.8725916457706     
   973.00000000000000        1275.9384288430163     
   974.00000000000000        1276.0038925999479     
   975.00000000000000        1276.0689839522668     
   976.00000000000000        1276.1337039317575     
   977.00000000000000        1276.1980535663236     
   978.00000000000000        1276.2620338800020     
   979.00000000000000        1276.3256458929779     
   980.00000000000000        1276.3888906215955     
   981.00000000000000        1276.4517690784021     
   982.00000000000000        1276.5142822721268     
   983.00000000000000        1276.5764312077392     
   984.00000000000000        1276.6382168864345     
   985.00000000000000        1276.6996403056683     
   986.00000000000000        1276.7607024591707     
   987.00000000000000        1276.8214043369605     
   988.00000000000000        1276.8817469253713     
   989.00000000000000        1276.9417312070486     
   990.00000000000000        1277.0013581609940     
   991.00000000000000        1277.0606287625631     
   992.00000000000000        1277.1195439834839     
   993.00000000000000        1277.1781047918844     
   994.00000000000000        1277.2363121523001     
   995.00000000000000        1277.2941670256896     
   996.00000000000000        1277.3516703694572     
   997.00000000000000        1277.4088231374672     
   998.00000000000000        1277.4656262800554     
   999.00000000000000        1277.5220807440573     
   1000.0000000000000        1277.5781874728045     
