   0.0000000000000000       -22.204701010962573     
   5.4930987030545801E-004 -0.20341435024616356     
   6.9209362960630423E-004 -0.13572797678036427     
   8.7199759665607048E-004  -9.0049711428186865E-002
   1.0986778863003709E-003  -5.9418833986109837E-002
   1.3843087458256715E-003  -3.8962355428101086E-002
   1.7442453469658102E-003  -2.5339807333278588E-002
   2.1978669743832765E-003  -1.6297119344120040E-002
   2.7696566232760797E-003  -1.0328541274697742E-002
   3.3184784150598031E-003  -7.1491075784768749E-003
   3.7290946986307930E-003  -5.6121617310436311E-003
   4.3537279153992112E-003  -4.0447337488131747E-003
   5.2414837137781459E-003  -2.7052155082707388E-003
   6.4426725714094579E-003  -1.7094737038627456E-003
   8.0198668798763407E-003  -1.0470846063771585E-003
   1.0058765012000381E-002  -6.3799897880574064E-004
   1.2305073650378622E-002  -4.0916255690902006E-004
   1.4119307908174799E-002  -2.9336881992043679E-004
   1.5578779309232391E-002  -2.2080221761340571E-004
   1.6569075539766050E-002  -1.7777145320221489E-004
   1.7462302508509234E-002  -1.4240077170159679E-004
   1.8280437538835251E-002  -1.1325824579210312E-004
   1.9038458775073926E-002  -8.9054296915497063E-005
   2.0001601893693103E-002  -6.2025942493774706E-005
   2.0890968502414543E-002  -4.0640161311239787E-005
   2.2430209341380791E-002  -9.1812769834615768E-006
   2.3138278752890887E-002   3.5217154665863481E-006
   2.3812982698679638E-002   1.4975976416350039E-005
   2.4458632144683922E-002   2.5422653955921466E-005
   2.5078675278064164E-002   3.4878050887747650E-005
   2.6214632387184737E-002   4.9912743419108716E-005
   2.7281253952377470E-002   6.1194160648391044E-005
   2.8726012390652388E-002   7.0534386664890101E-005
   3.0075133213844436E-002   7.3888486387934602E-005
   3.1501190258846692E-002   7.3530732670499312E-005
   3.2847497096456096E-002   7.1519139128752509E-005
   3.4127527917795580E-002   6.9175769162621725E-005
   3.5351060338793809E-002   6.7312491088930503E-005
   3.6172327025885409E-002   6.6579518936760534E-005
   3.6972189806921740E-002   6.5669757288945214E-005
   3.7752465490600691E-002   6.4771836354116829E-005
   3.8514753555824920E-002   6.3816005411348575E-005
   3.9165747623951683E-002   6.2980632942582864E-005
   3.9804969510080231E-002   6.1984537672588548E-005
   4.0433090619418029E-002   6.0904623897465515E-005
   4.1050735489250666E-002   5.9744979802845136E-005
   4.2257097210368987E-002   5.6841113653631638E-005
   4.2846633339457166E-002   5.5890410891513205E-005
   4.3427681637373525E-002   5.4563879709222574E-005
   4.4512666466434238E-002   5.1851851310497942E-005
   4.5570928769082621E-002   4.9708476856185390E-005
   4.7616734400067917E-002   4.5876893143417391E-005
   4.9494582780045669E-002   4.3618301874268517E-005
   5.1306252503181125E-002   4.1836425023568163E-005
   5.3681003470965945E-002   3.9619624882098724E-005
   5.5963811188644533E-002   3.7871034049747604E-005
   5.9291751191299376E-002   3.4922613775898442E-005
   6.1512419457330242E-002   3.3526279073181804E-005
   6.5566541477715290E-002   2.9774157036607659E-005
   6.9207749259596288E-002   2.6885038283415992E-005
   7.2142614435274879E-002   2.4532775647249881E-005
   7.4717363615067159E-002   2.2350978163201592E-005
   7.6626656768245774E-002   2.0777085902446724E-005
   7.9153577225751490E-002   1.8427684904438141E-005
   8.1655324715807637E-002   1.6212572117536909E-005
   8.4132996624461512E-002   1.4027370804557418E-005
   8.6587666900710597E-002   1.1878713119757251E-005
   8.9020340791286970E-002   9.7720226270215509E-006
   9.0832314753086660E-002   8.2594444362545613E-006
   9.2032643391251973E-002   7.2734142116374225E-006
   9.4418992111642605E-002   5.2854045767807703E-006
   9.6194819547281415E-002   4.0248217564605442E-006
   9.7962485503068422E-002   2.9379863779766244E-006
   9.9719104638644571E-002   2.0994758859709137E-006
  0.10204571704461535        1.3521864306655280E-006
  0.10435539133207797        9.3113019397291995E-007
  0.10664794545420188        7.1189149849718408E-007
  0.10892567579479581        5.8852158826694955E-007
  0.11118819312821385        4.7535338569629367E-007
  0.11343602420108126        3.5878758273450284E-007
  0.11566966456172813        2.4912403468991995E-007
  0.11788959047537896        1.5602641389206912E-007
  0.12009624819971644        8.8512166762391445E-008
  0.12119466646549933        6.6215409012206091E-008
  0.12338216268664044        3.7453820270481332E-008
  0.12555748622849447        2.5089337926629039E-008
  0.12772096562651616        2.0447032764249699E-008
  0.12987297921597976        1.6461703938176402E-008
  0.13094469408347562        1.4180945833423765E-008
  0.13308018347472980        9.0971402761110226E-009
  0.13520508332764961        4.5488337273061277E-009
  0.13731972732138867        1.2751012560647907E-009
  0.13942444320418174       -3.5630444356220800E-010
  0.14151955485986878       -7.7814046330999212E-010
  0.14360537901737147       -4.8745832628890701E-010
  0.14568222305140860        3.7079086277297345E-011
  0.14775038855910078        3.6968952166798631E-010
  0.14981017045743089        4.3170258853968167E-010
  0.15186185237479627        3.2338259811173839E-010
  0.15390571198997907        1.4368419136232875E-010
  0.15594201993102713       -1.1132292808617954E-011
  0.15797103841686033       -8.1619404243656031E-011
  0.15999302063649148       -8.6262035380806398E-011
  0.16200821570030374       -5.3394293464064776E-011
  0.16401686476423027       -1.0797030034138586E-011
  0.16601920311701321        1.5912462275084835E-011
  0.16801546125131528        2.1729402222749563E-011
  0.17000586528605474        1.4893736478819583E-011
  0.17099887891376017        9.4057580821138254E-012
  0.17298091297902485       -8.2487465462915207E-013
  0.17396860883047385       -3.8012119801265076E-012
  0.17594272312360590       -5.6252089402232319E-012
  0.17791183309518641       -3.9487859700591455E-012
  0.17987747667174331       -1.0124753579274226E-012
  0.18183719534280776        1.0246984357458153E-012
  0.18379249418056295        1.5491739780067218E-012
  0.18476708768172367        1.4257149979436632E-012
  0.18671751987396373        7.2878840237104845E-013
  0.18866260491728262       -3.3592843472173728E-014
  0.19060393308632759       -4.2343160823261012E-013
  0.19254168488015719       -4.7375886298681411E-013
  0.19447603573895642       -3.1997019400313752E-013
  0.19640715693672661       -9.8155138963275350E-014
  0.19833521778034235        5.7759526536970204E-014
  0.19929653045467335        9.0636271495586378E-014
  0.20122029060069790        8.8875787850439340E-014
  0.20314140113646645        3.9657927226855740E-014
  0.20457770340268389        4.8121992472605175E-016
  0.20602000978525808       -2.2063517708589913E-014
  0.20793520258734671       -2.7480257125607925E-014
  0.20889195320410037       -2.3351038671991092E-014
  0.21080403517525451       -8.3605429995815663E-015
  0.21271422547292385        4.6758900781154353E-015
  0.21462093631343690        9.9982360404025120E-015
  0.21652774459774068        9.5657655368417946E-015
  0.21795375945991510        6.9649999790476620E-015
  0.22081079115594798        3.4351769156862440E-016
  0.22224174079218031       -1.6223961175590709E-015
  0.22414341633634902       -2.3832901656220213E-015
  0.22604411896713411       -1.7686982429228711E-015
  0.22794397141836140       -5.8353228429737128E-016
  0.22984309336976796        3.5860062245356591E-016
  0.23316032583089100        6.6701174222165225E-016
  0.23458690336160792        4.8977282143314802E-016
  0.23648434760222012        1.5616451162818044E-016
  0.23743100892930885        1.3421312456104344E-017
  0.23838147791162539       -8.3139413645723978E-017
  0.24027855211994870       -1.4417568663258674E-016
  0.24169786582059583       -1.1426643433623341E-016
  0.24312604412686264       -5.4210923251250745E-017
  0.24502324923546762        1.3273573357328969E-017
  0.24596989799173838        2.6648726348031459E-017
  0.24692060667123741        2.8607583605793775E-017
  0.24833832353982913        1.8088620697519657E-017
  0.24976531822851014        2.4726293833366493E-018
  0.25071240120451854       -4.7896805133890437E-018
  0.25166368191024607       -8.2724792121236319E-018
  0.25356270500301886       -7.2096483432471836E-018
  0.25498377098015274       -3.0736811506696901E-018
  0.25641456844127353        5.6593977121856999E-019
  0.25736280682029805        1.5716147481560751E-018
  0.25831542971000798        1.6464959172521517E-018
  0.25926410445583525        1.1348140348267757E-018
  0.26021721514941609        3.8389152132522822E-019
  0.26212008556935940       -5.9669412808189337E-019
  0.26377706374938747       -6.7696438472445921E-019
  0.26544795012129963       -3.5452428954425117E-019
  0.26627793639895447       -1.4790459827874209E-019
  0.26711144043428897        3.6436889256081155E-020
  0.26878922500087338        2.4732893470630361E-019
  0.27069769313902892        2.8076249891096331E-019
  0.27260761988075072        1.8201089806466482E-019
  0.27451024458553247        4.5302377060411200E-020
  0.27643214001349531       -3.7692762901326935E-020
  0.27738702886508804       -4.8438672293100909E-020
  0.27834680145901991       -4.4488980182777144E-020
  0.27977890087574736       -2.2740934172690896E-020
  0.28122211041695350        2.1053584531564156E-021
  0.28314129562859519        1.8394907226657119E-020
  0.28506236885926861        1.8181893126097817E-020
  0.28698538583510702        8.8804616956358045E-021
  0.28794760628212074        3.2603542437176281E-021
  0.28987363622480611       -5.4857646601514116E-021
  0.29373248841041449       -1.0196995824813235E-020
  0.29566487929474666       -8.4145715105736313E-021
  0.29759948844619838       -5.0767669610575084E-021
  0.30050583290050786        7.4295204092705706E-023
  0.30341744368015977        2.5910832019534310E-021
  0.30536141031986352        2.8619771845528353E-021
  0.30730782540274765        2.3339099479206782E-021
  0.31023228143713139        7.9431246421449169E-022
  0.31316244800173443       -5.8739488994054858E-022
  0.31707871845840718       -1.3609710865291360E-021
  0.32100563384376080       -1.2348026932860858E-021
  0.32494348084049474       -6.2821521581339496E-022
  0.32889251299655820       -1.4659573274480215E-023
  0.33086070488143282        1.4545973107601017E-022
  0.33285244922731000        1.9678055346423346E-022
  0.33482631937580515        1.6915401820091712E-022
  0.33682398442906453        9.5277061067552956E-023
  0.34080778154409247       -5.0268415912517642E-023
  0.34480349853628833       -9.5245773983590473E-023
  0.34881130123493798       -6.9092281070337653E-023
  0.35130521488172078       -3.6276552724734979E-023
  0.35383780604389253       -3.1371035875062059E-024
  0.35584283847472786        1.4937210342291900E-023
  0.35787286353732090        2.4730006081215337E-023
  0.36192089178234460        2.4619877548348062E-023
  0.36598148753472243        1.0398296911413517E-023
  0.37005471811657914       -3.6496559624198266E-024
  0.37414063910524953       -8.6645943576914996E-024
  0.37823930381097437       -6.9013448099870215E-024
  0.38078924460716979       -4.0278900798108205E-024
  0.38338014875831150       -8.1450119315628751E-025
  0.38750763289690732        2.5237493920770695E-024
  0.39164795956629006        3.4406014460690428E-024
  0.39580112762088482        2.6922243616966186E-024
  0.39996710495439924        1.1397172418631959E-024
  0.40414583381042651       -2.4253112035899262E-025
  0.40728801843339019       -7.3017022414855259E-025
  0.41254157447882273       -6.8108290539839454E-025
  0.41675822185997874       -2.5818015476031298E-025
  0.41885868175686336       -4.0812528532047964E-026
  0.42098685902555422        1.2279476895419092E-025
  0.42522827263535906        2.5263169092791665E-025
  0.42948188505157070        2.0233335237721281E-025
  0.43374751868759726        6.7705454492926147E-026
  0.43639954631462297       -1.0436285256454671E-026
  0.43909571318325918       -5.9735721654528948E-026
  0.44338768148522656       -8.0789672126974010E-026
  0.44769102243995201       -5.5856314144027102E-026
  0.45200548654018119       -1.3175749062984300E-026
  0.45633080583094826        1.6679632984938537E-026
  0.46066669896442058        2.4526596673308449E-026
  0.46392518546249339        2.0398365416270685E-026
  0.46718931144915482        1.1367458744570008E-026
  0.47155025161631131       -1.1980682801343237E-027
  0.47592059688855498       -7.7027725104481321E-027
  0.48029996813995046       -8.5588412738091441E-027
  0.48468796684865612       -5.7618043346923983E-027
  0.48908416683016892       -1.5796428840043910E-027
  0.49348811433178302        1.5360148475734530E-027
  0.49789934297941474        2.6657297505067080E-027
  0.50231737531790621        2.3351972737357217E-027
  0.50674170739244251        1.1902961640369009E-027
  0.51117180441636834       -3.9828313101861986E-029
  0.51560710584280300       -7.2950667952872715E-028
  0.52004702296262750       -8.8366790279283372E-028
  0.52449094070963964       -6.7151899319334999E-028
  0.53005088298054714       -1.8367980150878774E-028
  0.53450149539243219        1.2245765371009499E-028
  0.53895401278903343        2.4103417284014182E-028
  0.54340773807113696        2.1852925739399779E-028
  0.54786196879368820        1.1618472264498182E-028
  0.55231599626460193        2.4773100789646630E-030
  0.55565577262472687       -5.1156651559128768E-029
  0.56122063763390828       -7.4023339615039296E-029
  0.56566949002317002       -5.3641930652103599E-029
  0.57011504229562693       -1.8457683791319966E-029
  0.57455651815978193        1.0151428296853431E-029
  0.57899311477201276        2.1679031664282007E-029
  0.58342397878421026        2.0213353476497855E-029
  0.58784823368810113        1.1263385006309325E-029
  0.59226501071387005        9.1163156816563550E-031
  0.59667344805672673       -5.1893125167361066E-030
  0.60107266015506289       -6.6131107723640524E-030
  0.60546171843620167       -4.9242883815982384E-030
  0.60983966055774119       -1.8448603827270236E-030
  0.61420551364700049        7.6376136541463907E-031
  0.61855831015457308        1.8642335331808191E-030
  0.62289708020927947        1.7944105905125766E-030
  0.62722082894305542        1.0416662767640070E-030
  0.63152852452127517        1.3520775314853712E-031
  0.63581910636219985       -4.2174468336999414E-031
  0.64009150460287623       -5.6540368590875040E-031
  0.64434465282209930       -4.3331662357748524E-031
  0.64857747355622120       -1.7454189354521613E-031
  0.65278885599414604        5.2082826532062237E-032
  0.65697764237831158        1.5001180880655962E-031
  0.66114262972415161        1.4703367364538588E-031
  0.66528257488808218        8.6417261613127417E-032
  0.66939618802547385        1.4092469102238191E-032
  0.67348211606807507       -2.6280592242935432E-032
  0.67753892090172974       -3.0242638219763154E-032
  0.67955571554292993       -2.3943186459052174E-032
  0.68156464186511145       -1.4614912348003570E-032
  0.68555847206495302        3.3566466702073060E-033
  0.68951818033508849        1.1610860534121520E-032
  0.69344181398453630        1.1829000016064337E-032
  0.69732722864801711        7.3397371974713919E-033
  0.70117203794105165        1.5678762155794343E-033
  0.70497355251806226       -2.2328947926605508E-033
  0.70872870482750450       -3.3530428074960044E-033
  0.71243643019420311       -2.7055909860172364E-033
  0.71609733727515390       -1.2278766386118193E-033
  0.71971203082684165        1.5315993240558606E-034
  0.72328109585535916        8.0436293895811076E-034
  0.72680510059540571        8.5305427549302095E-034
  0.73028460789628857        5.4854522111553905E-034
  0.73372017742721141        1.3794366087182330E-034
  0.73711236354775900       -1.4495980244141092E-034
  0.74046171146510276       -2.3546579839476780E-034
  0.74376876167812733       -1.9675804801041915E-034
  0.74703405122820021       -9.4700416176198702E-035
  0.75025810470661913        5.3360757530848461E-036
  0.75344142734107789        5.5078477462681897E-035
  0.75658451719788578        6.1037041129840280E-035
  0.75968787613137390        4.0775417162384217E-035
  0.76275200704427226        1.1733681179564465E-035
  0.76577740625509805       -9.3028391153934169E-036
  0.76876456373477164       -1.6555208358948159E-035
  0.77171395959450217       -1.4329595811998135E-035
  0.77462605771689663       -7.2796872272438036E-036
  0.77750130878558987       -3.2387258212213813E-038
  0.78034016283865748        3.7657551271245922E-036
  0.78314307240078562        4.3728018259907679E-036
  0.78591048639224126        3.0311177960409321E-036
  0.78864284682864927        9.7614235713684262E-037
  0.79134059130398193       -5.8754069946803461E-037
  0.79400415340119335       -1.1642371948481513E-036
  0.79663395954127214       -1.0443277976451471E-036
  0.79923042914092624       -5.5778184227182211E-037
  0.80179397396133367       -3.3080925142595730E-038
  0.80432499482745212        2.5671256797758751E-037
  0.80682388208955702        3.1343486827900475E-037
  0.80929102369414863        2.2522152639889119E-037
  0.81172681056919382        7.9857455143604800E-038
  0.81413163137842970       -3.6255459649495845E-038
  0.81650586523792490       -8.1820552533094959E-038
  0.81884988202476650       -7.6113319888761874E-038
  0.82116404741976634       -4.2598358167957002E-038
  0.82344872464970398       -4.6560291521321062E-039
  0.82570427304245275        1.7419556892930439E-038
  0.82793104867926859        2.2458108222443058E-038
  0.83012940626965148        1.6716419284181937E-038
  0.83229969666572112        6.4457770993749211E-039
  0.83444226210425598       -2.1609272746261670E-039
  0.83655743532185600       -5.7406159779263818E-039
  0.83864554343159670       -5.5437356029137045E-039
  0.84070691158976785       -3.2422649396761520E-039
  0.84274186426610298       -5.0329554053424782E-040
  0.84475072375409166        1.1746089047145675E-039
  0.84673380981877788        1.6075604098484282E-039
  0.84869143992714569        1.2388930828710489E-039
  0.85062392789863894        5.1452721277861883E-040
  0.85253158132880258       -1.2197014973631689E-040
  0.85441470106996931       -4.0177958976057854E-040
  0.85627358348393579       -4.0333447951434351E-040
  0.85810852283623429       -2.4594503687812690E-040
  0.85991981320495003       -4.8631854389950052E-041
  0.86170774852317078        7.8564418934646821E-041
  0.86347262171180261        1.1490589609539368E-040
  0.86521471874335898        9.1666291203658235E-041
  0.86693431623088490        4.0692336403656061E-041
  0.86863168270947388       -6.2596285175150251E-042
  0.87030708765689280       -2.8035421785559917E-041
  0.87196080239649476       -2.9306621156950080E-041
  0.87359309718830458       -1.8597220736271415E-041
  0.87520423953445603       -4.4137032171763897E-042
  0.87679449750714289        5.2015337461582268E-042
  0.87836414072274693        8.1992923304374660E-042
  0.87991343040626391        6.7709069352632292E-042
  0.88144261505172927        3.1930656435588134E-042
  0.88295193416244955       -2.6108551217074889E-043
  0.88444162882326927       -1.9493885747698743E-042
  0.88591194300260201       -2.1265466143737610E-042
  0.88736311909674837       -1.4021560195945306E-042
  0.88879539542599695       -3.8480748180627534E-043
  0.89020900850400475        3.3997216735431405E-043
  0.89160419502115629        5.8393564334113327E-043
  0.89298118935000892        4.9925187425315752E-043
  0.89434022068830921        2.4885124678382133E-043
  0.89568151376418725       -4.5235640301378993E-045
  0.89700529099977067       -1.3497392304612035E-043
  0.89831177356745229       -1.5406277514875289E-043
  0.89960118130710975       -1.0541986862565633E-043
  0.90087373149558481       -3.2619031511507138E-044
  0.90212963690336700        2.1852914647286426E-044
  0.90336910502734447        4.1497741886820931E-044
  0.90459233992625909        3.6750688734289985E-044
  0.90579954575326904        1.9281398707845909E-044
  0.90699092683680183        7.4949859299004259E-046
  0.90816668620203633       -9.3003756909658597E-045
  0.90932702335745685       -1.1143595226930100E-044
  0.91047213395196913       -7.9053087235537737E-045
  0.91160221002662245       -2.7080080136971670E-045
  0.91271744244944020        1.3736901279597473E-045
  0.91381802282642777        2.9418980912682549E-045
  0.91490414398674458        2.7006687379767611E-045
  0.91597599482012937        1.4863171093461045E-045
  0.91703375727143621        1.3476076864737146E-046
  0.91807760605076705       -6.3725203020914759E-046
  0.91910771399644287       -8.0472786657048338E-046
  0.92012425565744183       -5.9141831306298361E-046
  0.92112740802166415       -2.2125785029938504E-046
  0.92211734910161980        8.3722562758414501E-047
  0.92309425555108249        2.0804172739935806E-046
  0.92405830114743037        1.9816341398597555E-046
  0.92500965388694079        1.1407276848441058E-046
  0.92594847442581263        1.5754197968217310E-047
  0.92687491764283914       -4.3381419873092653E-047
  0.92778913660206952       -5.8023929302102854E-047
  0.92869128821429603       -4.4156569616141374E-047
  0.92958153308815539       -1.7853201291521049E-047
  0.93046003341398753        4.8738086675828247E-048
  0.93132694791812431        1.4673536971290782E-047
  0.93218243116028920        1.4520800785609832E-047
  0.93302663412721643        8.7222942185716830E-048
  0.93385970513943184        1.5865534196703865E-048
  0.93468178977385508       -2.9309456547621439E-048
  0.93549303027780595       -4.1780205164614592E-048
  0.93629356523597040       -3.2915255592962786E-048
  0.93708353035045688       -1.4264024296608085E-048
  0.93786305984162821        2.6313557325253849E-049
  0.93863228856046177        1.0321253304427863E-048
  0.93939135275126218        1.0628075877351625E-048
  0.94014038871248184        6.6480678599014481E-049
  0.94087953133163571        1.4797814851618181E-049
  0.94160891342779451       -1.9619091686013197E-049
  0.94232866628677470       -3.0037082246150315E-049
  0.94303892046486715       -2.4496292095833565E-049
  0.94373980672950142       -1.1303347931006191E-049
  0.94443145582480026        1.2258230165192336E-050
  0.94511399734014157        7.2393430670176729E-050
  0.94578755645456758        7.7738059539173843E-050
  0.94645225318436510        5.0562977835548481E-050
  0.94710820391986861        1.3180899462778323E-050
  0.94775552386717721       -1.2994759090065474E-050
  0.94839432805486790       -2.1583280078314358E-050
  0.94902473024483336       -1.8225118244463571E-050
  0.94964684277148625       -8.9062482310115812E-051
  0.95026077776769302        3.7238477181164470E-052
  0.95086664752887329        5.0649022341225064E-051
  0.95146456380017341        5.6854570916351497E-051
  0.95205463652337374        3.8399639316024407E-051
  0.95263697408160264        1.1386685764709283E-051
  0.95321168409226420       -8.4905866290362947E-052
  0.95377887346705570       -1.5500170812137683E-051
  0.95433864778246558       -1.3558279096418937E-051
  0.95489111095541646       -6.9865509704986238E-052
  0.95543636541073285       -1.2318367863290880E-053
  0.95597451260429689        3.5348639038542334E-052
  0.95650565306418756        4.1611298945235843E-052
  0.95702988622704588        2.9157115736489071E-052
  0.95754731029722384        9.6364466859618294E-053
  0.95805802236688531       -5.4539962759072383E-053
  0.95856211862500496       -1.1138971685889013E-052
  0.95905969482665587       -1.0100838449154177E-052
  0.95955084632132082       -5.4689930438499800E-053
  0.96003566770106930       -3.9066287489464031E-054
  0.96051425255297651        2.4628520352871066E-053
  0.96098669393887715        3.0522046554661909E-053
  0.96145308524837081        2.2174681148993146E-053
  0.96191352020741472        8.0472950984183683E-054
  0.96236809001234369       -3.4253493140296047E-054
  0.96281688208901761       -8.0235604589482454E-054
  0.96325998019244874       -7.5511197654879051E-054
  0.96369746741062456       -4.2837011682798302E-054
  0.96412942844081051       -5.1672099732130471E-055
  0.96455594927130461        1.7152701758040140E-054
  0.96497711646559126        2.2486846760200137E-054
  0.96539301623855933        1.6932998828855497E-054
  0.96580373433143674        6.6715367954138291E-055
  0.96620935574065092       -2.0827776057661250E-055
  0.96660996347485983       -5.8049918982819459E-055
  0.96700563833032960       -5.6783764661920417E-055
  0.96739645951537501       -3.3676882364315005E-055
  0.96778250556284728       -5.5913742212635252E-056
  0.96816385487272727        1.1961049086676200E-055
  0.96854058519272979        1.6687784289640339E-055
  0.96891277316160296        1.3024562046883942E-055
  0.96928049455421694        5.5229520898211472E-056
  0.96964382457419684       -1.2027265428618961E-056
  0.97000283791757147       -4.2308008653331112E-056
  0.97035760882728062       -4.3091934636548827E-056
  0.97070821118186612       -2.6668952051688454E-056
  0.97105471857873438       -5.5548321157006862E-057
  0.97139720428394660        8.3638585933234273E-057
  0.97173574015782571        1.2511090246367499E-056
  0.97207039594609146        1.0123018021303959E-056
  0.97240123923514565        4.5882890595214107E-057
  0.97272833579815021       -6.2961278392246031E-058
  0.97305175065381722       -3.1146194269786250E-057
  0.97337154815373073       -3.3102485808025937E-057
  0.97368779189064947       -2.1346108158916656E-057
  0.97400054506433020       -5.2917557494451485E-058
  0.97430987093005017        5.8691499142935544E-058
  0.97461583276198971        9.4997786812400681E-058
  0.97491849351419690        7.9705230979521566E-058
  0.97521791403888469        3.8396779814537289E-058
  0.97551415245588791       -2.5717166728761972E-059
  0.97580726429220255       -2.3195447707889442E-058
  0.97609730323412380       -2.5786516424128580E-058
  0.97638432254526242       -1.7303158686145747E-058
  0.97666837513506133       -4.9359501573469745E-059
  0.97694951341800229        4.1273235991733210E-059
  0.97722778918283382        7.3139633011641063E-059
  0.97750325360322599        6.3652176738874030E-059
  0.97777595733978173        3.2433519158539676E-059
  0.97804595043580711       -1.4708659057989193E-061
  0.97831328155886099       -1.7474757121661217E-059
  0.97857799784690624       -2.0377234141897579E-059
  0.97884014505140604       -1.4211666285122155E-059
  0.97909976784519070       -4.5573505119407046E-060
  0.97935691012671555        2.8970572229583232E-060
  0.97961161506441763        5.7089944454503256E-060
  0.97986392519872079        5.1563833844832701E-060
  0.98011388302564040        2.7681319546840071E-060
  0.98036153132491533        1.4357612482767948E-061
  0.98060691329201999       -1.3312136990604348E-060
  0.98085007208691233       -1.6339722543710659E-060
  0.98109105044345690       -1.1834930757217121E-060
  0.98132989107022583       -4.1952872873013228E-061
  0.98156663701204350        2.0191338306790665E-061
  0.98180133158638694        4.5223995128665544E-061
  0.98203401824576231        4.2442241310254741E-061
  0.98226474063514368        2.3937810044585136E-061
  0.98249354380434306        2.4760958567065217E-062
  0.98272047496431714       -1.0279333834520901E-061
  0.98294558383160469       -1.3346663888517506E-061
  0.98316892231300301       -1.0040636426325473E-061
  0.98339054459276831       -3.8872387087725596E-062
  0.98361050757149660        1.3907968575187929E-062
  0.98382887074290060        3.6516817509219173E-062
  0.98404569597500069        3.5612115905031363E-062
  0.98426104756567001        2.0986135126821581E-062
  0.98447499267654204        3.1430503319576862E-063
  0.98468760179989712       -7.8166525933033689E-063
  0.98489894936732136       -1.0444315715640481E-062
  0.98510911549531766       -7.6454764264433071E-063
  0.98531818691291539       -2.5974964776581236E-063
  0.98547410242046163        5.9572698398411907E-064
  0.98562995043546930        2.1734808779973489E-063
  0.98583670168197945        2.2388449047608188E-063
  0.98599104447282337        1.3957699881936450E-063
  0.98614546374696677        3.2841788441110777E-064
  0.98635055561919427       -5.6445492378685295E-064
  0.98652946982624923       -7.1564776696323726E-064
  0.98665739569633559       -5.8402906515909815E-064
  0.98683593278144044       -2.3715922332286841E-064
  0.98698904082351568        2.9169473113105572E-065
  0.98709111360476620        1.2056262930955690E-064
  0.98725057518180948        1.4008974300413535E-064
  0.98737217189505111        9.2477150672890888E-065
  0.98749964869073237        2.2764217839399221E-065
  0.98762787606202762       -2.7833811038908905E-065
  0.98774334728978808       -4.5610689540316280E-065
  0.98788476996701580       -4.0908507674511438E-065
  0.98803955545443489       -1.7928871706065026E-065
  0.98816907042338376        1.6309190261580583E-066
  0.98829897106777542        1.1486199373875643E-065
  0.98842955810684263        1.2535606143361790E-065
  0.98856068003245945        8.0267003598518807E-066
  0.98867241486695967        2.6152294053661844E-066
  0.98881215645450327       -2.2328552335105180E-066
  0.98891533636673024       -3.4590512573494390E-066
  0.98908020397137075       -2.5269676337153035E-066
  0.98917513623307274       -1.2269690012177251E-066
  0.98927021543278193        3.7670951638754594E-068
  0.98938037303213444        8.8100789782906159E-067
  0.98951913495692045        1.0691400939010288E-066
  0.98963124575326322        7.6263895080806834E-067
  0.98977290854875066        1.5946741825715206E-067
  0.98985880020836414       -1.2103243014277472E-067
  0.98999637603673740       -2.9002830004125956E-067
  0.99009510834875836       -2.5760525959273614E-067
  0.99019523439145618       -1.4959429208760770E-067
  0.99031876830111698       -3.9576406574319879E-069
  0.99041405215803568        5.4606319709462875E-068
  0.99050649295408211        6.4029926386765800E-068
  0.99058022047851868        4.9320357897037998E-068
  0.99065092486970241        2.5675620537534538E-068
  0.99078277408153881       -1.2431248274116039E-068
  0.99086369625591153       -2.1428729119291878E-068
  0.99097884534803982       -1.9284283550775347E-068
  0.99105357457381738       -1.2499599206802694E-068
  0.99116405552148845       -8.7281754959985531E-070
  0.99123704905874277        3.9664375198224200E-069
  0.99133554390472267        5.9896467484778475E-069
  0.99146272771107935        3.6440238080336301E-069
  0.99153554988633585        1.3249352277798404E-069
  0.99160960289677436       -6.6388241436918625E-070
  0.99170332603705813       -1.8608976976781367E-069
  0.99179948422468567       -1.8809785209484643E-069
  0.99189721455352098       -1.1344128798330324E-069
  0.99199718057339659       -1.6340765318898719E-070
  0.99209975300028197        4.1188935570028020E-070
  0.99216271362637787        5.0402224358471635E-070
  0.99226934996823024        3.4837708729843522E-070
  0.99233485297409707        1.6454583110641747E-070
  0.99242345472692861       -5.4107233722721314E-071
  0.99251500122758107       -1.4459865125820855E-070
  0.99258449103096869       -1.4016866283107231E-070
  0.99265582650860418       -9.3620859596537666E-071
  0.99275314959307004       -1.0251612853846383E-071
  0.99280275711713384        2.0233224915816712E-071
  0.99290491272746417        4.2471775130430081E-071
  0.99298323985015713        3.3928742850034931E-071
  0.99306359247520026        1.3800269284870064E-071
  0.99313219803481390       -2.4984763698878952E-072
  0.99320201038726796       -1.1488040236888185E-071
  0.99331803944263231       -1.2003714147712614E-071
  0.99337769768718276       -8.1796067152835846E-072
  0.99345375839980321       -1.9910599407894926E-072
  0.99353237486798740        2.3533942878323711E-072
  0.99358086163028148        3.4336943700548222E-072
  0.99366284028215401        3.1182069991866717E-072
  0.99373038696823690        1.7164438706906326E-072
  0.99381779234300027       -2.2745465046793084E-073
  0.99390831453397366       -1.0433228585873922E-072
  0.99396404355637336       -1.0193431026670359E-072
  0.99402125589859980       -7.1930452556003848E-073
  0.99409896026596967       -1.5912801016936171E-073
  0.99415918711419471        1.4729855506407759E-073
  0.99422121339216296        2.5483436770099850E-073
  0.99428517049825604        2.0835401622671268E-073
  0.99432895418286926        1.2629354831489421E-073
  0.99439566288438053       -5.5932909156466032E-075
  0.99444113372138054       -5.7390407985838645E-074
  0.99451136040327148       -7.4251380175667131E-074
  0.99455962018978084       -5.6592251501267023E-074
  0.99463434404284456       -1.0577432240208465E-074
  0.99467283247774829        8.1875213818718507E-075
  0.99473877095792995        2.1612685439760210E-074
  0.99479251881193842        1.9588976993429049E-074
  0.99484787039299005        1.0529441991784385E-074
  0.99490494078286285        9.2167720906985910E-077
  0.99496385899936357       -5.8058464034884061E-075
  0.99503963963467268       -6.2661164773459854E-075
  0.99508671128826442       -4.1562004250035694E-075
  0.99513507808068891       -1.3133281435721205E-075
  0.99518482700795619        9.3255871425654025E-076
  0.99525301362162111        1.9511203584214258E-075
  0.99530565168452412        1.5911188048156818E-075
  0.99535998542245230        6.8786295335828849E-076
  0.99539721472379494        6.0747448125307041E-077
  0.99545467206986216       -5.0019051624329086E-076
  0.99549412454283848       -6.0619653066691160E-076
  0.99555515389996529       -4.5154815948587323E-076
  0.99560784121289181       -1.7539054056436795E-076
  0.99566233227268974        6.6061184839097107E-077
  0.99569595572039038        1.3789536595750418E-076
  0.99575365231776658        1.4566365367696179E-076
  0.99580140924187666        8.6443392444439783E-077
  0.99585069848679753        1.0432980113202409E-077
  0.99590129443060615       -3.3738768208177707E-077
  0.99594012368031215       -4.0459324089544691E-077
  0.99597998643376229       -3.0694929370512209E-077
  0.99602094912818617       -1.2390839810269374E-077
  0.99606308548488132        4.1509026078774515E-078
  0.99610647670848584        1.1456485540286769E-077
  0.99615121198057022        1.0806322125667020E-077
  0.99618183107841995        7.4597755448009138E-078
  0.99622902981699391        9.3595836089746163E-079
  0.99626139498488508       -2.1680908887430337E-078
  0.99631138497058636       -3.7397824417146577E-078
  0.99634573786321190       -3.2170769207018893E-078
  0.99639844613982942       -1.0952054051188294E-078
  0.99643474962675116        3.0755336212382398E-079
  0.99649109724082574        1.2822463568679603E-078
  0.99653993801225149        1.1940516561305798E-078
  0.99659064856556168        5.9209657467430569E-079
  0.99662204248516750        1.7079686746802220E-079
  0.99667610240534610       -2.6001367694654119E-079
  0.99670965776689069       -3.1043632886183820E-079
  0.99674411353948977       -2.4246528452567603E-079
  0.99677952675937520       -1.0938458252287816E-079
  0.99681596074648959        2.0597705719207490E-080
  0.99686624815157310        9.7608899594227706E-080
  0.99690535064153352        9.1442419185177016E-080
  0.99694573845030776        4.9990614834371200E-080
  0.99697342630165098        1.6238779409269268E-080
  0.99701617879161131       -1.9312987224726077E-080
  0.99704554736680195       -2.7715039327874211E-080
  0.99707966651679369       -2.5111500846484884E-080
  0.99711894135675105       -1.2768337693030078E-080
  0.99715957165692948        8.6962834012706788E-082
  0.99719100168983843        6.2925394817194211E-081
  0.99722330959462069        7.2795998242495686E-081
  0.99725655278920322        5.0771514707353746E-081
  0.99729079384503805        1.4018754260234308E-081
  0.99732610119664322       -1.5284498921704120E-081
  0.99737496669277004       -2.7239172615676167E-081
  0.99740022607303847       -2.4282233567619359E-081
  0.99743824630566513       -1.2639214033975251E-081
  0.99747712109921627        1.3251048175476768E-083
  0.99750383146132271        5.3973919816383365E-082
  0.99754517700014711        7.4550935102098182E-082
  0.99757365563021005        5.9645647771684741E-082
  0.99761785566112493        1.5479385420348149E-082
  0.99764838633758124       -8.7394451940758681E-083
  0.99767983235391444       -1.8566910522341985E-082
  0.99771225645398431       -1.6596532007408067E-082
  0.99774572938921247       -7.6310272499674141E-083
  0.99777157095341173       -3.0050043458256132E-084
  0.99779808532142389        4.1622562711900647E-083
  0.99783455517941111        5.2378496332338242E-083
  0.99785330027667341        4.2922408263404247E-083
  0.99789188039747811        9.0138167616471874E-084
  0.99791174927932302       -5.7371167628953612E-084
  0.99795272857678452       -1.8072894220540136E-083
  0.99797388045647784       -1.7322064247741110E-083
  0.99800649508216333       -1.0023696412573204E-083
  0.99804024916568457       -7.1570757630327029E-085
  0.99806343192203706        3.4041733984315657E-084
  0.99809930183092344        5.1856649670770366E-084
  0.99812399773538074        4.1980406395788936E-084
  0.99814936303807567        2.1645753584541503E-084
  0.99818875565073162       -7.3975502342967952E-085
  0.99821598331547068       -1.5462151573938576E-084
  0.99824404310260761       -1.5133593884922580E-084
  0.99827299334553377       -9.1592124670530695E-085
  0.99830289974126463       -1.3599544259426338E-085
  0.99833383679217991        3.5935144150375735E-085
  0.99836588880968702        4.5851078957802900E-085
  0.99839915043820604        2.8088128053866219E-085
  0.99841626816305595        1.4403659099493482E-085
  0.99844259215007458       -4.2575417192652997E-086
  0.99846974077607720       -1.3634374882118960E-085
  0.99850732289907829       -1.3257248051421424E-085
  0.99852675321116824       -9.4688044435565247E-086
  0.99855675855274695       -1.9855583739045985E-086
  0.99858787314270736        2.9758936669719875E-086
  0.99860928070844013        3.9961498572521960E-086
  0.99864246689480307        2.8802644342750137E-086
  0.99866536073261591        1.2292222464819966E-086
  0.99868891486983036       -3.1483552674664889E-087
  0.99872557717158350       -1.2269505103577950E-086
  0.99874455316864275       -1.1510903004007245E-086
  0.99876398906218278       -8.1286713263673294E-087
  0.99879066330849753       -1.9611839036493768E-087
  0.99881826907941984        2.5782188879385131E-087
  0.99884688308660963        4.0133722806479233E-087
  0.99887659156255160        3.0462640830561255E-087
  0.99889964939997933        1.4334755821442810E-087
  0.99892342224900732       -1.9440606197998353E-088
  0.99895631783861982       -1.3180213008411178E-087
  0.99898196349751389       -1.4043084164276746E-087
  0.99900851639784438       -9.9814382061642979E-088
  0.99904168371732871       -2.2006465628235916E-088
  0.99906465532762689        1.8918750647403916E-088
  0.99908837223991609        3.7739499258524968E-088
  0.99912124982457884        3.3805655453632319E-088
  0.99914693098193963        1.7424975504984310E-088
  0.99917356718880102       -6.7126738072936228E-090
  0.99920123994852394       -1.0186981173126627E-088
  0.99923004336103438       -1.0687568304709776E-088
  0.99924992695887349       -7.5531710034441737E-089
  0.99927039700845788       -3.0678790355404459E-089
  0.99930228847236791        1.9960046745362433E-089
  0.99932440477631523        2.8849260789433750E-089
  0.99934726300479904        2.2112100219495407E-089
  0.99937091893787988        7.3953830929732503E-090
  0.99938306519051756        2.6027829828086799E-091
  0.99940803788066424       -7.6942570739012508E-090
  0.99942739938767089       -8.4597905065379176E-090
  0.99944734202473395       -5.9892003532059292E-090
  0.99946790474232061       -2.0170450868306607E-090
  0.99948913003488205        1.1711612085839261E-090
  0.99951106416960589        2.2591990136264305E-090
  0.99952610483896687        2.0512958984434819E-090
  0.99954933516877731        8.9320170878039583E-091
  0.99956529193932542        6.3200858746762656E-092
  0.99958164726204168       -3.9878436016309409E-091
  0.99959842106101515       -4.6726798557180757E-091
  0.99961563421127797       -2.7944525936177504E-091
  0.99962441146983061       -1.4537819897947922E-091
  0.99964232437871448        7.2233720794009538E-092
  0.99966073093340779        1.3551903319332382E-091
  0.99967012432511848        1.2284115273629192E-091
  0.99968930989811089        4.7341793501032233E-092
  0.99969910200921197        7.5123242983010158E-093
  0.99971404822258303       -2.5603502715103169E-092
  0.99972163586194429       -2.9730182159279725E-092
  0.99972930079099909       -2.7483922773083595E-092
  0.99974486464972123       -1.2007544557831674E-092
  0.99976072709560526        2.6890169824392821E-093
  0.99977145497707975        5.4601731775155817E-093
  0.99977957517344151        4.6942913410434895E-093
  0.99978775376807427        2.6330273986730967E-093
  0.99979598380208146        4.2095987192052476E-094
  0.99980425711559062       -8.4850351190495161E-094
  0.99981256494020532       -1.0712583311138662E-093
  0.99981756260982768       -8.8024877545739801E-094
  0.99982424052223240       -4.4671315567075399E-094
  0.99983317243098691        6.9305022130850956E-095
  0.99983765645898215        1.8100679179297924E-094
  0.99984215593280468        2.0595725505405260E-094
  0.99984667441062924        1.7041835627994140E-094
  0.99985578003423670        2.6152037592112329E-095
  0.99986037759310376       -2.6372983694874979E-095
  0.99986500895376651       -4.7630699885811959E-095
  0.99986967777769387       -4.5372484347399924E-095
  0.99987675852423585       -1.7462239583416381E-095
  0.99988153725954865        3.0747043804339344E-096
  0.99988880086228349        1.9481159528344648E-095
  0.99989371381127656        2.1784628882880039E-095
  0.99990372411681938        1.2558811817708788E-095
  0.99990883251710772        5.0802792672301256E-096
  0.99991927391533675       -5.3601019311735988E-096
  0.99992461880432271       -6.9063093430987390E-096
  0.99993142518386346       -6.1083838232884331E-096
  0.99994120654852769       -2.1587555334327493E-096
  0.99994694024953101        1.8076483845829188E-097
  0.99995575266907955        2.0784966567078289E-096
  0.99996026141665406        2.3448064450578210E-096
  0.99997106611906406        1.6024011977880181E-096
  0.99998002283979737        4.2360748272591018E-097
  0.99998794190043605       -2.9336518020084040E-097
  0.99999335467171968       -3.8382865274370607E-097
  0.99999610318310816       -2.9452412194310494E-097
  0.99999888069163589       -1.0483369530422763E-097
   1.0000000000000000        0.0000000000000000     
