1e-07	0.0005	1.544e+07	148.9	2.299e+17	0	0.3623	0.62176	9.201e-06	8.386e-06	1.907e-06	0.004062	8.275e-08	0.006399	0.0003716	1.64e-05	0.001483	3.657e-05	0.0007035	6.203e-05	0.0007763	7.121e-06	0.0003869	5.143e-06	7.789e-05	4.015e-06	6.675e-05	4.309e-08	3.323e-06	3.969e-07	1.939e-05	1.417e-05	0.001344	3.732e-06	7.946e-05
1.7835e-05	0.0055226	1.543e+07	148.6	2.295e+17	0.00015181	0.36314	0.6209	9.2726e-06	8.3839e-06	1.906e-06	0.004065	8.283e-08	0.006411	0.00036726	1.642e-05	0.001485	3.661e-05	0.0007044	6.211e-05	0.0007773	7.13e-06	0.0003874	5.15e-06	7.799e-05	4.02e-06	6.684e-05	4.314e-08	3.328e-06	3.974e-07	1.941e-05	1.419e-05	0.001346	3.737e-06	7.956e-05
0.00012345	0.010545	1.54e+07	147.69	2.2828e+17	0.0010345	0.36548	0.61856	9.4704e-06	8.3546e-06	1.899e-06	0.004065	8.285e-08	0.0064222	0.00035506	1.642e-05	0.001485	3.661e-05	0.0007043	6.211e-05	0.0007773	7.13e-06	0.0003874	5.149e-06	7.798e-05	4.02e-06	6.683e-05	4.314e-08	3.328e-06	3.973e-07	1.941e-05	1.419e-05	0.001346	3.736e-06	7.956e-05
0.00039475	0.015568	1.536e+07	146.29	2.2637e+17	0.0033034	0.36924	0.61481	9.7964e-06	8.3073e-06	1.8889e-06	0.004064	8.288e-08	0.0064394	0.0003361	1.642e-05	0.001485	3.661e-05	0.0007043	6.21e-05	0.0007772	7.129e-06	0.0003873	5.149e-06	7.797e-05	4.02e-06	6.683e-05	4.3139e-08	3.327e-06	3.973e-07	1.941e-05	1.419e-05	0.001346	3.736e-06	7.955e-05
0.00090618	0.02059	1.53e+07	144.36	2.2375e+17	0.0075277	0.37437	0.60968	1.0259e-05	8.2437e-06	1.8746e-06	0.004063	8.292e-08	0.0064624	0.00031151	1.641e-05	0.001485	3.66e-05	0.0007042	6.209e-05	0.0007771	7.128e-06	0.0003873	5.148e-06	7.796e-05	4.019e-06	6.682e-05	4.313e-08	3.327e-06	3.972e-07	1.941e-05	1.419e-05	0.001346	3.735e-06	7.9538e-05
0.0017269	0.025613	1.5228e+07	142.03	2.2043e+17	0.014223	0.38082	0.60323	1.0856e-05	8.163e-06	1.8555e-06	0.0040618	8.297e-08	0.0064885	0.00028282	1.641e-05	0.001484	3.66e-05	0.000704	6.208e-05	0.0007769	7.127e-06	0.0003872	5.147e-06	7.795e-05	4.018e-06	6.68e-05	4.312e-08	3.326e-06	3.972e-07	1.94e-05	1.418e-05	0.001345	3.735e-06	7.952e-05
0.0029199	0.030636	1.5147e+07	139.32	2.1659e+17	0.023794	0.38848	0.59558	1.1612e-05	8.0673e-06	1.8345e-06	0.00406	8.3033e-08	0.0065158	0.00025153	1.64e-05	0.001484	3.659e-05	0.0007038	6.2067e-05	0.0007767	7.125e-06	0.0003871	5.1457e-06	7.793e-05	4.017e-06	6.6787e-05	4.311e-08	3.325e-06	3.971e-07	1.94e-05	1.418e-05	0.001345	3.734e-06	7.95e-05
0.0045417	0.035658	1.5047e+07	136.21	2.1217e+17	0.036549	0.39725	0.58682	1.2522e-05	7.9575e-06	1.8094e-06	0.004058	8.3103e-08	0.0065446	0.00021929	1.64e-05	0.001483	3.6577e-05	0.0007036	6.205e-05	0.0007765	7.123e-06	0.000387	5.144e-06	7.79e-05	4.016e-06	6.6767e-05	4.3097e-08	3.324e-06	3.969e-07	1.939e-05	1.4177e-05	0.001345	3.7327e-06	7.9477e-05
0.006639	0.040681	1.4926e+07	132.76	2.0732e+17	0.052664	0.40703	0.57704	1.3623e-05	7.8353e-06	1.7819e-06	0.004056	8.3194e-08	0.0065717	0.00018744	1.639e-05	0.001482	3.656e-05	0.0007034	6.2026e-05	0.0007762	7.12e-06	0.0003868	5.142e-06	7.7876e-05	4.015e-06	6.674e-05	4.308e-08	3.323e-06	3.968e-07	1.9386e-05	1.417e-05	0.001344	3.731e-06	7.945e-05
0.0092547	0.045704	1.4806e+07	129.14	2.02e+17	0.072213	0.41769	0.56639	1.4907e-05	7.7003e-06	1.7508e-06	0.004054	8.3284e-08	0.0065968	0.00015722	1.638e-05	0.001482	3.655e-05	0.0007031	6.2e-05	0.0007759	7.117e-06	0.0003867	5.14e-06	7.784e-05	4.013e-06	6.671e-05	4.306e-08	3.3216e-06	3.966e-07	1.938e-05	1.416e-05	0.001344	3.73e-06	7.941e-05
0.01242	0.050726	1.4671e+07	125.32	1.9633e+17	0.095158	0.42909	0.555	1.6417e-05	7.5542e-06	1.7176e-06	0.004052	8.3385e-08	0.0066179	0.00012952	1.637e-05	0.001481	3.653e-05	0.0007027	6.197e-05	0.0007755	7.1135e-06	0.0003865	5.137e-06	7.78e-05	4.011e-06	6.668e-05	4.304e-08	3.32e-06	3.964e-07	1.937e-05	1.416e-05	0.001343	3.728e-06	7.937e-05
0.016159	0.055749	1.4525e+07	121.3	1.904e+17	0.12134	0.44111	0.54299	1.8165e-05	7.399e-06	1.683e-06	0.004049	8.3495e-08	0.0066365	0.00010491	1.635e-05	0.0014795	3.651e-05	0.00070235	6.1935e-05	0.0007751	7.1095e-06	0.0003863	5.1345e-06	7.776e-05	4.009e-06	6.6645e-05	4.302e-08	3.318e-06	3.962e-07	1.936e-05	1.415e-05	0.001342	3.726e-06	7.933e-05
0.02049	0.060771	1.4369e+07	117.28	1.8427e+17	0.15055	0.45362	0.53049	2.0174e-05	7.2358e-06	1.6458e-06	0.0040465	8.3611e-08	0.0066511	8.3632e-05	1.634e-05	0.001478	3.649e-05	0.0007019	6.19e-05	0.0007746	7.1055e-06	0.000386	5.1315e-06	7.7715e-05	4.006e-06	6.6605e-05	4.299e-08	3.316e-06	3.96e-07	1.9345e-05	1.414e-05	0.0013415	3.7235e-06	7.9285e-05
0.025428	0.065794	1.4208e+07	113.16	1.7799e+17	0.18248	0.46649	0.51763	2.2487e-05	7.065e-06	1.6066e-06	0.004043	8.3726e-08	0.0066616	6.5728e-05	1.6324e-05	0.001477	3.646e-05	0.00070144	6.1854e-05	0.0007741	7.101e-06	0.0003858	5.128e-06	7.7664e-05	4.004e-06	6.656e-05	4.296e-08	3.314e-06	3.957e-07	1.933e-05	1.413e-05	0.001341	3.721e-06	7.923e-05
0.030974	0.070817	1.4037e+07	109.15	1.7156e+17	0.21678	0.47962	0.50452	2.5127e-05	6.8886e-06	1.5665e-06	0.00404	8.3846e-08	0.006669	5.0994e-05	1.631e-05	0.0014754	3.644e-05	0.000701	6.1814e-05	0.00077354	7.096e-06	0.0003855	5.1244e-06	7.761e-05	4.001e-06	6.6514e-05	4.293e-08	3.312e-06	3.9544e-07	1.932e-05	1.412e-05	0.00134	3.7184e-06	7.9174e-05
0.037133	0.075839	1.3866e+07	105.03	1.6509e+17	0.25305	0.49286	0.49129	2.8147e-05	6.7078e-06	1.5256e-06	0.004036	8.3974e-08	0.006673	3.9148e-05	1.629e-05	0.001474	3.641e-05	0.00070043	6.177e-05	0.000773	7.0903e-06	0.0003852	5.121e-06	7.7553e-05	3.998e-06	6.6463e-05	4.29e-08	3.309e-06	3.9513e-07	1.9303e-05	1.411e-05	0.001339	3.716e-06	7.912e-05
0.043898	0.080862	1.3686e+07	101.01	1.5859e+17	0.29088	0.50611	0.47805	3.1588e-05	6.5233e-06	1.4841e-06	0.004033	8.4107e-08	0.006675	2.9797e-05	1.627e-05	0.0014723	3.6383e-05	0.00069993	6.172e-05	0.00077243	7.0853e-06	0.00038493	5.117e-06	7.7493e-05	3.995e-06	6.6413e-05	4.287e-08	3.307e-06	3.9483e-07	1.929e-05	1.41e-05	0.001338	3.713e-06	7.906e-05
0.051262	0.085884	1.3502e+07	97.09	1.5214e+17	0.32984	0.51927	0.46491	3.5495e-05	6.3362e-06	1.4412e-06	0.004029	8.4238e-08	0.006675	2.2548e-05	1.6252e-05	0.001471	3.6352e-05	0.0006994	6.1672e-05	0.00077182	7.08e-06	0.00038462	5.113e-06	7.7432e-05	3.992e-06	6.6362e-05	4.284e-08	3.304e-06	3.9452e-07	1.9272e-05	1.409e-05	0.001337	3.71e-06	7.9e-05
0.059216	0.090907	1.3314e+07	93.241	1.4571e+17	0.36951	0.53223	0.45196	3.9953e-05	6.1465e-06	1.3987e-06	0.004025	8.4368e-08	0.006672	1.7067e-05	1.6232e-05	0.001469	3.6322e-05	0.00069882	6.1622e-05	0.0007712	7.0742e-06	0.00038432	5.109e-06	7.7372e-05	3.989e-06	6.631e-05	4.28e-08	3.3012e-06	3.9422e-07	1.926e-05	1.408e-05	0.001336	3.707e-06	7.8932e-05
0.067742	0.09593	1.3123e+07	89.482	1.393e+17	0.40946	0.54492	0.43928	4.5005e-05	5.9557e-06	1.3547e-06	0.004021	8.4509e-08	0.006668	1.2969e-05	1.621e-05	0.0014671	3.6291e-05	0.00069821	6.1571e-05	0.00077051	7.0681e-06	0.000384	5.1041e-06	7.7301e-05	3.9851e-06	6.6251e-05	4.2761e-08	3.299e-06	3.939e-07	1.924e-05	1.407e-05	0.001334	3.704e-06	7.8861e-05
0.076826	0.10095	1.2932e+07	85.843	1.3306e+17	0.4493	0.55726	0.42695	5.0752e-05	5.7648e-06	1.3114e-06	0.0040161	8.4649e-08	0.0066621	9.9548e-06	1.619e-05	0.001466	3.6261e-05	0.00069761	6.152e-05	0.00076981	7.062e-06	0.0003837	5.1e-06	7.724e-05	3.982e-06	6.6191e-05	4.273e-08	3.296e-06	3.9351e-07	1.923e-05	1.405e-05	0.001333	3.701e-06	7.88e-05
0.08645	0.10597	1.2731e+07	82.308	1.2693e+17	0.48867	0.5692	0.41502	5.7275e-05	5.573e-06	1.2682e-06	0.0040121	8.4789e-08	0.006656	7.7684e-06	1.617e-05	0.001464	3.623e-05	0.00069701	6.1461e-05	0.0007692	7.0551e-06	0.00038331	5.0951e-06	7.717e-05	3.9781e-06	6.614e-05	4.269e-08	3.293e-06	3.932e-07	1.921e-05	1.404e-05	0.001332	3.6971e-06	7.873e-05
0.096594	0.111	1.254e+07	78.892	1.209e+17	0.52725	0.58068	0.40355	6.4686e-05	5.3821e-06	1.224e-06	0.004008	8.493e-08	0.006649	6.2017e-06	1.615e-05	0.001462	3.62e-05	0.0006964	6.141e-05	0.0007685	7.049e-06	0.000383	5.091e-06	7.71e-05	3.975e-06	6.608e-05	4.265e-08	3.29e-06	3.928e-07	1.919e-05	1.403e-05	0.001331	3.694e-06	7.866e-05
0.10724	0.11602	1.2339e+07	75.587	1.1508e+17	0.56474	0.59168	0.39256	7.3096e-05	5.1912e-06	1.1808e-06	0.004003	8.5081e-08	0.006642	5.0923e-06	1.613e-05	0.00146	3.617e-05	0.0006958	6.135e-05	0.0007678	7.043e-06	0.0003827	5.087e-06	7.703e-05	3.971e-06	6.602e-05	4.261e-08	3.287e-06	3.925e-07	1.918e-05	1.402e-05	0.00133	3.691e-06	7.859e-05
0.11835	0.12104	1.2148e+07	72.394	1.0936e+17	0.60088	0.60216	0.38209	8.2656e-05	5.0014e-06	1.1376e-06	0.003999	8.5232e-08	0.0066339	4.3166e-06	1.6109e-05	0.001458	3.613e-05	0.00069519	6.1299e-05	0.0007671	7.0369e-06	0.0003823	5.082e-06	7.696e-05	3.9679e-06	6.596e-05	4.2579e-08	3.284e-06	3.9219e-07	1.916e-05	1.4e-05	0.0013289	3.6879e-06	7.8519e-05
0.12992	0.12607	1.1947e+07	69.321	1.0383e+17	0.63549	0.61209	0.37217	9.3502e-05	4.8495e-06	1.105e-06	0.003995	8.5383e-08	0.0066259	3.7794e-06	1.608e-05	0.001456	3.61e-05	0.0006945	6.1249e-05	0.00076649	7.0309e-06	0.00038199	5.0779e-06	7.6899e-05	3.964e-06	6.59e-05	4.254e-08	3.281e-06	3.918e-07	1.914e-05	1.399e-05	0.001327	3.684e-06	7.8449e-05
0.14191	0.13109	1.1756e+07	66.349	9.8529e+16	0.66838	0.62146	0.36281	0.00010583	5.4678e-06	1.2942e-06	0.0039898	8.5512e-08	0.0066178	3.4107e-06	1.606e-05	0.0014548	3.607e-05	0.0006939	6.119e-05	0.00076578	7.0248e-06	0.0003816	5.073e-06	7.6828e-05	3.9608e-06	6.5848e-05	4.25e-08	3.278e-06	3.9148e-07	1.912e-05	1.398e-05	0.001326	3.681e-06	7.8378e-05
0.1543	0.13611	1.1556e+07	63.498	9.3377e+16	0.69945	0.63027	0.354	0.00011983	1.2519e-05	3.343e-06	0.0039743	8.5433e-08	0.0066098	3.1596e-06	1.604e-05	0.001453	3.604e-05	0.0006933	6.1138e-05	0.0007651	7.018e-06	0.0003813	5.0688e-06	7.676e-05	3.957e-06	6.5788e-05	4.246e-08	3.275e-06	3.911e-07	1.911e-05	1.397e-05	0.001325	3.678e-06	7.8308e-05
0.16707	0.14113	1.1365e+07	60.741	8.8399e+16	0.72862	0.63852	0.34576	0.00013575	4.6941e-05	1.3304e-05	0.0039183	8.4459e-08	0.0066017	2.9903e-06	1.602e-05	0.001451	3.601e-05	0.0006927	6.1087e-05	0.00076447	7.012e-06	0.00038097	5.064e-06	7.6697e-05	3.954e-06	6.573e-05	4.2427e-08	3.2727e-06	3.908e-07	1.909e-05	1.3957e-05	0.001324	3.6747e-06	7.824e-05
0.18018	0.14616	1.1174e+07	58.089	8.3614e+16	0.75584	0.64622	0.33807	0.00015382	0.00014724	4.231e-05	0.0037648	8.1314e-08	0.0065937	2.8759e-06	1.6e-05	0.001449	3.598e-05	0.0006921	6.103e-05	0.0007638	7.006e-06	0.00038067	5.06e-06	7.663e-05	3.9507e-06	6.5677e-05	4.239e-08	3.27e-06	3.9047e-07	1.9077e-05	1.394e-05	0.001323	3.6717e-06	7.8177e-05
0.19361	0.15118	1.0983e+07	55.541	7.9009e+16	0.78114	0.6534	0.33093	0.00017438	0.00034572	9.9662e-05	0.0034648	7.4941e-08	0.0065856	2.7989e-06	1.598e-05	0.001447	3.595e-05	0.00069156	6.098e-05	0.00076316	7.0006e-06	0.0003803	5.0556e-06	7.6566e-05	3.947e-06	6.562e-05	4.2356e-08	3.267e-06	3.901e-07	1.906e-05	1.393e-05	0.001322	3.6686e-06	7.811e-05
0.20732	0.1562	1.0792e+07	53.074	7.4597e+16	0.80452	0.66007	0.32432	0.00019771	0.00063907	0.00018364	0.0030259	6.543e-08	0.006578	2.7474e-06	1.596e-05	0.001446	3.592e-05	0.000691	6.0936e-05	0.00076256	6.995e-06	0.00038	5.0516e-06	7.6506e-05	3.944e-06	6.5566e-05	4.232e-08	3.2646e-06	3.898e-07	1.904e-05	1.392e-05	0.001321	3.6656e-06	7.805e-05
0.2213	0.16122	1.0611e+07	50.707	7.0367e+16	0.82601	0.66622	0.31822	0.00022425	0.00098899	0.00027851	0.0025097	5.4136e-08	0.0065706	2.7137e-06	1.594e-05	0.001444	3.589e-05	0.00069046	6.0886e-05	0.00076196	6.9896e-06	0.0003797	5.048e-06	7.6446e-05	3.941e-06	6.5516e-05	4.229e-08	3.262e-06	3.895e-07	1.903e-05	1.391e-05	0.00132	3.663e-06	7.799e-05
0.23551	0.16625	1.043e+07	48.422	6.6328e+16	0.84564	0.6719	0.31259	0.00025438	0.0013442	0.0003588	0.0020029	4.3018e-08	0.0065635	2.69e-06	1.592e-05	0.0014425	3.5865e-05	0.00068995	6.084e-05	0.0007614	6.9845e-06	0.00037945	5.044e-06	7.639e-05	3.938e-06	6.547e-05	4.226e-08	3.2595e-06	3.892e-07	1.9015e-05	1.39e-05	0.001319	3.66e-06	7.793e-05
0.24992	0.17127	1.0249e+07	46.227	6.2466e+16	0.86348	0.6771	0.30743	0.00028854	0.0016656	0.00040138	0.0015781	3.3684e-08	0.0065565	2.6739e-06	1.59e-05	0.001441	3.584e-05	0.00068945	6.08e-05	0.00076085	6.979e-06	0.0003792	5.0405e-06	7.6335e-05	3.935e-06	6.542e-05	4.223e-08	3.257e-06	3.8895e-07	1.9e-05	1.389e-05	0.001318	3.6575e-06	7.7875e-05
0.26451	0.17629	1.0074e+07	44.108	5.878e+16	0.87961	0.68185	0.3027	0.00032739	0.001932	0.00039826	0.0012658	2.6909e-08	0.00655	2.6624e-06	1.588e-05	0.00144	3.581e-05	0.00068894	6.0754e-05	0.0007603	6.9744e-06	0.0003789	5.037e-06	7.628e-05	3.9324e-06	6.5374e-05	4.22e-08	3.255e-06	3.887e-07	1.899e-05	1.388e-05	0.001317	3.655e-06	7.782e-05
0.27924	0.18131	9.8987e+06	42.074	5.5266e+16	0.89415	0.68618	0.29838	0.00037139	0.0021409	0.00035936	0.0010609	2.2889e-08	0.0065434	2.6544e-06	1.587e-05	0.001438	3.579e-05	0.0006885	6.071e-05	0.0007598	6.9694e-06	0.00037864	5.0334e-06	7.6224e-05	3.93e-06	6.533e-05	4.217e-08	3.253e-06	3.884e-07	1.8974e-05	1.387e-05	0.001316	3.652e-06	7.7764e-05
0.29409	0.18634	9.7286e+06	40.112	5.1928e+16	0.90717	0.69011	0.29443	0.00042137	0.0022968	0.00030196	0.00093777	2.6062e-08	0.006537	2.6483e-06	1.585e-05	0.001437	3.5763e-05	0.00068803	6.067e-05	0.0007593	6.965e-06	0.0003784	5.03e-06	7.6173e-05	3.927e-06	6.5283e-05	4.214e-08	3.2503e-06	3.8813e-07	1.896e-05	1.386e-05	0.001315	3.65e-06	7.7713e-05
0.30902	0.19136	9.5615e+06	38.221	4.8757e+16	0.91881	0.69367	0.29085	0.00047818	0.0024085	0.0002417	0.00086811	6.1347e-08	0.0065303	2.644e-06	1.583e-05	0.001435	3.574e-05	0.0006876	6.063e-05	0.0007588	6.96e-06	0.00037813	5.027e-06	7.6123e-05	3.9243e-06	6.5243e-05	4.211e-08	3.248e-06	3.879e-07	1.895e-05	1.385e-05	0.001314	3.6473e-06	7.7663e-05
0.32402	0.19638	9.3978e+06	36.403	4.5748e+16	0.92918	0.69689	0.28757	0.00054269	0.0024876	0.00018786	0.00083026	1.762e-07	0.0065242	2.64e-06	1.582e-05	0.001434	3.572e-05	0.00068712	6.0592e-05	0.0007583	6.956e-06	0.0003779	5.0232e-06	7.608e-05	3.922e-06	6.52e-05	4.209e-08	3.246e-06	3.8762e-07	1.894e-05	1.384e-05	0.001313	3.645e-06	7.7612e-05
0.33905	0.2014	9.2369e+06	34.662	4.2893e+16	0.9384	0.69981	0.2846	0.00061601	0.0025422	0.00014431	0.00080997	3.9382e-07	0.006519	2.6362e-06	1.58e-05	0.001433	3.57e-05	0.00068672	6.056e-05	0.00075782	6.9512e-06	0.0003777	5.0202e-06	7.603e-05	3.92e-06	6.516e-05	4.206e-08	3.244e-06	3.874e-07	1.893e-05	1.383e-05	0.001312	3.643e-06	7.7562e-05
0.35409	0.20643	9.0792e+06	32.985	4.0198e+16	0.94656	0.70243	0.28191	0.00069923	0.0025796	0.00011102	0.00079912	6.832e-07	0.006513	2.634e-06	1.579e-05	0.001432	3.5671e-05	0.0006863	6.052e-05	0.0007574	6.9471e-06	0.00037741	5.0171e-06	7.5981e-05	3.917e-06	6.5121e-05	4.2031e-08	3.2421e-06	3.872e-07	1.8911e-05	1.383e-05	0.001312	3.641e-06	7.752e-05
0.36911	0.21145	8.9246e+06	31.376	3.7645e+16	0.95375	0.7048	0.27946	0.00079409	0.0026038	8.6836e-05	0.00079314	9.841e-07	0.0065071	2.631e-06	1.577e-05	0.00143	3.5651e-05	0.0006859	6.0481e-05	0.00075691	6.9431e-06	0.0003772	5.0141e-06	7.594e-05	3.915e-06	6.5081e-05	4.201e-08	3.2401e-06	3.8691e-07	1.89e-05	1.382e-05	0.001311	3.639e-06	7.7471e-05
0.3841	0.21647	8.7738e+06	29.828	3.5233e+16	0.96011	0.70693	0.27724	0.00090188	0.0026199	6.9542e-05	0.00078962	1.2497e-06	0.0065021	2.6281e-06	1.576e-05	0.001429	3.5631e-05	0.0006855	6.045e-05	0.0007565	6.9391e-06	0.000377	5.012e-06	7.59e-05	3.913e-06	6.505e-05	4.199e-08	3.239e-06	3.867e-07	1.889e-05	1.381e-05	0.00131	3.6361e-06	7.743e-05
0.39901	0.22149	8.6262e+06	28.351	3.2952e+16	0.96566	0.70884	0.27522	0.0010259	0.00263	5.763e-05	0.0007875	1.4578e-06	0.006497	2.626e-06	1.574e-05	0.001428	3.561e-05	0.0006851	6.042e-05	0.0007561	6.936e-06	0.0003768	5.009e-06	7.586e-05	3.911e-06	6.501e-05	4.196e-08	3.237e-06	3.865e-07	1.888e-05	1.38e-05	0.001309	3.634e-06	7.739e-05
0.41384	0.22652	8.4815e+06	26.925	3.0813e+16	0.97057	0.71055	0.27338	0.0011655	0.002636	4.9276e-05	0.00078599	1.6115e-06	0.006492	2.624e-06	1.573e-05	0.001427	3.56e-05	0.0006848	6.039e-05	0.0007557	6.932e-06	0.0003766	5.006e-06	7.582e-05	3.909e-06	6.498e-05	4.194e-08	3.235e-06	3.863e-07	1.887e-05	1.38e-05	0.001309	3.633e-06	7.735e-05
0.42856	0.23154	8.3399e+06	25.569	2.8794e+16	0.97484	0.71208	0.2717	0.0013274	0.0026391	4.3655e-05	0.00078489	1.7177e-06	0.0064869	2.622e-06	1.572e-05	0.001426	3.558e-05	0.0006844	6.035e-05	0.0007553	6.928e-06	0.0003764	5.0039e-06	7.5779e-05	3.906e-06	6.494e-05	4.192e-08	3.233e-06	3.861e-07	1.886e-05	1.379e-05	0.001308	3.631e-06	7.7309e-05
0.44316	0.23656	8.2014e+06	24.264	2.6896e+16	0.97858	0.71345	0.27016	0.0015125	0.002641	3.9831e-05	0.00078399	1.7898e-06	0.006482	2.62e-06	1.5709e-05	0.001425	3.556e-05	0.0006841	6.032e-05	0.0007549	6.925e-06	0.0003762	5.001e-06	7.574e-05	3.9049e-06	6.491e-05	4.19e-08	3.232e-06	3.859e-07	1.885e-05	1.378e-05	0.001307	3.629e-06	7.727e-05
0.45761	0.24159	8.0666e+06	23.019	2.5111e+16	0.98186	0.71466	0.26874	0.0017258	0.002642	3.7252e-05	0.0007832	1.8367e-06	0.0064778	2.618e-06	1.569e-05	0.001424	3.554e-05	0.00068378	6.0298e-05	0.00075458	6.9218e-06	0.000376	4.999e-06	7.57e-05	3.903e-06	6.488e-05	4.188e-08	3.23e-06	3.857e-07	1.884e-05	1.377e-05	0.001307	3.627e-06	7.723e-05
0.47189	0.24661	7.9342e+06	21.826	2.3435e+16	0.98472	0.71574	0.26742	0.0019716	0.0026418	3.552e-05	0.00078258	1.8674e-06	0.006473	2.616e-06	1.568e-05	0.001423	3.5528e-05	0.0006834	6.0268e-05	0.0007542	6.918e-06	0.00037588	4.996e-06	7.5668e-05	3.901e-06	6.485e-05	4.186e-08	3.229e-06	3.855e-07	1.8838e-05	1.377e-05	0.001306	3.625e-06	7.719e-05
0.486	0.25163	7.8046e+06	20.691	2.1861e+16	0.98722	0.71669	0.2662	0.0022496	0.002641	3.4346e-05	0.0007819	1.8865e-06	0.0064687	2.614e-06	1.567e-05	0.001422	3.551e-05	0.0006831	6.0237e-05	0.0007538	6.915e-06	0.0003757	4.994e-06	7.563e-05	3.899e-06	6.482e-05	4.184e-08	3.227e-06	3.8537e-07	1.883e-05	1.376e-05	0.001305	3.624e-06	7.7157e-05
0.49992	0.25665	7.678e+06	19.606	2.0387e+16	0.98938	0.71754	0.26507	0.0025525	0.00264	3.3559e-05	0.00078137	1.8983e-06	0.006464	2.612e-06	1.566e-05	0.001421	3.549e-05	0.0006828	6.021e-05	0.0007535	6.9117e-06	0.0003755	4.9917e-06	7.5597e-05	3.897e-06	6.479e-05	4.182e-08	3.226e-06	3.852e-07	1.882e-05	1.3757e-05	0.001305	3.622e-06	7.712e-05
0.51362	0.26168	7.5548e+06	18.575	1.9011e+16	0.99123	0.71828	0.26402	0.0028552	0.002638	3.3032e-05	0.00078076	1.9054e-06	0.00646	2.61e-06	1.5646e-05	0.00142	3.5476e-05	0.00068246	6.018e-05	0.0007531	6.9086e-06	0.0003753	4.989e-06	7.556e-05	3.895e-06	6.476e-05	4.18e-08	3.224e-06	3.85e-07	1.881e-05	1.375e-05	0.001304	3.62e-06	7.7086e-05
0.52712	0.2667	7.4332e+06	17.59	1.7718e+16	0.99279	0.71896	0.26309	0.0031189	0.002637	3.2668e-05	0.00078026	1.9094e-06	0.006456	2.6086e-06	1.5636e-05	0.001419	3.546e-05	0.0006822	6.0156e-05	0.0007528	6.9056e-06	0.0003752	4.987e-06	7.553e-05	3.894e-06	6.473e-05	4.178e-08	3.223e-06	3.848e-07	1.88e-05	1.374e-05	0.001304	3.619e-06	7.705e-05
0.54038	0.27172	7.3151e+06	16.65	1.6511e+16	0.99407	0.71959	0.26229	0.0032963	0.0026356	3.2421e-05	0.00077976	1.912e-06	0.006452	2.607e-06	1.562e-05	0.001418	3.5446e-05	0.0006819	6.013e-05	0.0007525	6.9026e-06	0.000375	4.985e-06	7.5496e-05	3.892e-06	6.47e-05	4.1766e-08	3.2216e-06	3.847e-07	1.879e-05	1.374e-05	0.001303	3.617e-06	7.702e-05
0.55341	0.27674	7.1996e+06	15.756	1.5386e+16	0.99508	0.72019	0.26164	0.0033565	0.002634	3.225e-05	0.0007793	1.913e-06	0.0064485	2.605e-06	1.5615e-05	0.0014175	3.543e-05	0.00068165	6.011e-05	0.0007522	6.9e-06	0.0003749	4.983e-06	7.547e-05	3.891e-06	6.468e-05	4.175e-08	3.22e-06	3.845e-07	1.879e-05	1.373e-05	0.001303	3.616e-06	7.699e-05
0.56619	0.28177	7.0871e+06	14.907	1.4327e+16	0.99586	0.72078	0.26113	0.003294	0.002633	3.2135e-05	0.00077885	1.913e-06	0.0064445	2.604e-06	1.56e-05	0.001417	3.542e-05	0.00068135	6.008e-05	0.0007519	6.897e-06	0.0003747	4.981e-06	7.544e-05	3.889e-06	6.465e-05	4.173e-08	3.219e-06	3.844e-07	1.878e-05	1.373e-05	0.001302	3.614e-06	7.696e-05
0.57874	0.28679	6.9766e+06	14.1	1.3348e+16	0.99647	0.72133	0.26073	0.0031349	0.0026314	3.2044e-05	0.0007785	1.913e-06	0.0064414	2.6024e-06	1.56e-05	0.001416	3.541e-05	0.00068114	6.0064e-05	0.0007517	6.895e-06	0.0003746	4.98e-06	7.5414e-05	3.888e-06	6.4634e-05	4.172e-08	3.218e-06	3.843e-07	1.877e-05	1.372e-05	0.001302	3.613e-06	7.694e-05
0.59102	0.29181	6.8688e+06	13.33	1.2424e+16	0.99693	0.72189	0.26041	0.0029058	0.00263	3.198e-05	0.000778	1.912e-06	0.0064374	2.601e-06	1.559e-05	0.001415	3.539e-05	0.0006808	6.004e-05	0.0007513	6.892e-06	0.0003744	4.977e-06	7.538e-05	3.886e-06	6.46e-05	4.17e-08	3.2164e-06	3.841e-07	1.876e-05	1.372e-05	0.001301	3.612e-06	7.69e-05
0.60302	0.29683	6.7633e+06	12.603	1.157e+16	0.9973	0.72241	0.26016	0.002642	0.0026283	3.1933e-05	0.0007776	1.912e-06	0.0064343	2.599e-06	1.558e-05	0.0014143	3.538e-05	0.00068063	6.002e-05	0.0007511	6.89e-06	0.0003743	4.976e-06	7.536e-05	3.885e-06	6.4583e-05	4.169e-08	3.216e-06	3.84e-07	1.876e-05	1.371e-05	0.001301	3.611e-06	7.688e-05
0.61478	0.30186	6.6602e+06	11.91	1.0773e+16	0.99759	0.72291	0.25995	0.0023717	0.002627	3.19e-05	0.0007772	1.911e-06	0.006431	2.598e-06	1.557e-05	0.001414	3.537e-05	0.0006804	6e-05	0.00075083	6.8873e-06	0.0003742	4.974e-06	7.533e-05	3.8833e-06	6.456e-05	4.167e-08	3.214e-06	3.838e-07	1.875e-05	1.371e-05	0.0013	3.609e-06	7.685e-05
0.62626	0.30688	6.5594e+06	11.257	1.0027e+16	0.99783	0.72337	0.25975	0.002112	0.002626	3.187e-05	0.00077682	1.91e-06	0.006428	2.597e-06	1.556e-05	0.001413	3.536e-05	0.0006802	5.998e-05	0.0007506	6.8852e-06	0.0003741	4.973e-06	7.531e-05	3.882e-06	6.454e-05	4.166e-08	3.2132e-06	3.837e-07	1.875e-05	1.37e-05	0.0013	3.608e-06	7.683e-05
0.63747	0.3119	6.461e+06	10.642	9.3381e+15	0.99802	0.7238	0.25957	0.0018703	0.002624	3.184e-05	0.0007764	1.909e-06	0.0064242	2.595e-06	1.555e-05	0.001412	3.534e-05	0.0006799	5.996e-05	0.0007503	6.883e-06	0.0003739	4.971e-06	7.528e-05	3.881e-06	6.4512e-05	4.164e-08	3.212e-06	3.836e-07	1.874e-05	1.37e-05	0.001299	3.607e-06	7.68e-05
0.6484	0.31692	6.3654e+06	10.058	8.6943e+15	0.99818	0.72419	0.2594	0.0016512	0.002623	3.182e-05	0.000776	1.908e-06	0.006422	2.594e-06	1.554e-05	0.001412	3.533e-05	0.0006797	5.994e-05	0.0007501	6.881e-06	0.0003738	4.969e-06	7.5252e-05	3.88e-06	6.45e-05	4.163e-08	3.211e-06	3.8342e-07	1.873e-05	1.369e-05	0.001299	3.606e-06	7.6772e-05
0.65907	0.32195	6.2709e+06	9.4996	8.0941e+15	0.99831	0.72455	0.25925	0.001455	0.002622	3.18e-05	0.0007757	1.907e-06	0.006419	2.593e-06	1.554e-05	0.001411	3.532e-05	0.00067951	5.992e-05	0.0007499	6.879e-06	0.0003737	4.968e-06	7.524e-05	3.879e-06	6.448e-05	4.162e-08	3.21e-06	3.8331e-07	1.873e-05	1.369e-05	0.001299	3.605e-06	7.6751e-05
0.66948	0.32697	6.1785e+06	8.9741	7.5362e+15	0.99842	0.72489	0.25909	0.00128	0.002621	3.178e-05	0.0007753	1.906e-06	0.006416	2.591e-06	1.553e-05	0.00141	3.531e-05	0.0006793	5.99e-05	0.0007496	6.876e-06	0.0003736	4.966e-06	7.521e-05	3.877e-06	6.446e-05	4.1601e-08	3.209e-06	3.832e-07	1.872e-05	1.368e-05	0.001298	3.603e-06	7.6721e-05
0.6796	0.33199	6.0891e+06	8.4787	7.0168e+15	0.99852	0.7252	0.25893	0.0011272	0.002619	3.176e-05	0.000775	1.905e-06	0.006413	2.59e-06	1.552e-05	0.00141	3.53e-05	0.0006791	5.988e-05	0.0007494	6.874e-06	0.0003735	4.965e-06	7.519e-05	3.876e-06	6.444e-05	4.159e-08	3.208e-06	3.831e-07	1.872e-05	1.368e-05	0.001298	3.602e-06	7.671e-05
0.68948	0.33702	6.0008e+06	8.0096	6.5336e+15	0.9986	0.7255	0.25878	0.00099091	0.002618	3.174e-05	0.0007746	1.904e-06	0.00641	2.589e-06	1.551e-05	0.001409	3.529e-05	0.0006789	5.986e-05	0.0007492	6.872e-06	0.0003734	4.963e-06	7.516e-05	3.875e-06	6.442e-05	4.158e-08	3.207e-06	3.83e-07	1.871e-05	1.368e-05	0.001297	3.601e-06	7.668e-05
0.69907	0.34204	5.9153e+06	7.5668	6.0847e+15	0.99866	0.72576	0.25864	0.00087253	0.002617	3.173e-05	0.0007743	1.903e-06	0.0064079	2.588e-06	1.5509e-05	0.001409	3.528e-05	0.0006787	5.985e-05	0.000749	6.871e-06	0.0003733	4.962e-06	7.515e-05	3.874e-06	6.44e-05	4.157e-08	3.207e-06	3.829e-07	1.871e-05	1.367e-05	0.001297	3.6e-06	7.666e-05
0.70842	0.34706	5.8309e+06	7.1482	5.6662e+15	0.99872	0.72602	0.25849	0.00076824	0.002616	3.171e-05	0.0007739	1.902e-06	0.006404	2.5869e-06	1.55e-05	0.001408	3.527e-05	0.0006785	5.983e-05	0.0007487	6.868e-06	0.0003731	4.96e-06	7.512e-05	3.8729e-06	6.438e-05	4.1559e-08	3.205e-06	3.8279e-07	1.87e-05	1.367e-05	0.001297	3.599e-06	7.6639e-05
0.7175	0.35208	5.7477e+06	6.7535	5.2779e+15	0.99876	0.72626	0.25835	0.00067727	0.002615	3.1698e-05	0.0007736	1.902e-06	0.006402	2.5858e-06	1.549e-05	0.001407	3.526e-05	0.0006783	5.9818e-05	0.00074858	6.8668e-06	0.00037308	4.959e-06	7.51e-05	3.872e-06	6.436e-05	4.1548e-08	3.205e-06	3.827e-07	1.869e-05	1.3668e-05	0.001296	3.598e-06	7.662e-05
0.72634	0.35711	5.6673e+06	6.3804	4.9168e+15	0.9988	0.72649	0.2582	0.00059667	0.0026138	3.168e-05	0.00077328	1.901e-06	0.006399	2.584e-06	1.548e-05	0.001407	3.525e-05	0.0006781	5.98e-05	0.00074838	6.8648e-06	0.0003729	4.9578e-06	7.508e-05	3.8708e-06	6.4348e-05	4.153e-08	3.204e-06	3.8258e-07	1.869e-05	1.366e-05	0.001296	3.597e-06	7.6598e-05
0.7349	0.36213	5.5879e+06	6.0283	4.5815e+15	0.99883	0.72672	0.25806	0.00052739	0.002612	3.1667e-05	0.0007729	1.9e-06	0.0063967	2.583e-06	1.5477e-05	0.001406	3.524e-05	0.0006779	5.978e-05	0.0007481	6.863e-06	0.0003728	4.956e-06	7.506e-05	3.869e-06	6.433e-05	4.152e-08	3.203e-06	3.824e-07	1.868e-05	1.366e-05	0.001296	3.596e-06	7.657e-05
0.74326	0.36715	5.5106e+06	5.6964	4.269e+15	0.99886	0.72692	0.25793	0.00046551	0.002611	3.165e-05	0.00077267	1.899e-06	0.006394	2.582e-06	1.547e-05	0.001406	3.523e-05	0.0006778	5.977e-05	0.000748	6.861e-06	0.00037277	4.955e-06	7.504e-05	3.8687e-06	6.431e-05	4.151e-08	3.202e-06	3.8237e-07	1.868e-05	1.365e-05	0.001295	3.5957e-06	7.6557e-05
0.75135	0.37217	5.4346e+06	5.3826	3.9793e+15	0.99888	0.72711	0.25779	0.0004121	0.00261	3.164e-05	0.0007723	1.898e-06	0.0063917	2.581e-06	1.546e-05	0.001405	3.522e-05	0.0006776	5.975e-05	0.0007478	6.859e-06	0.0003727	4.954e-06	7.502e-05	3.8677e-06	6.43e-05	4.15e-08	3.201e-06	3.823e-07	1.867e-05	1.365e-05	0.001295	3.5947e-06	7.654e-05
0.75921	0.3772	5.3603e+06	5.087	3.7092e+15	0.9989	0.7273	0.25765	0.00036518	0.002609	3.162e-05	0.000772	1.897e-06	0.006389	2.58e-06	1.545e-05	0.001405	3.521e-05	0.0006774	5.973e-05	0.0007475	6.857e-06	0.0003725	4.952e-06	7.5e-05	3.866e-06	6.428e-05	4.149e-08	3.2e-06	3.821e-07	1.867e-05	1.365e-05	0.001295	3.593e-06	7.651e-05
0.76683	0.38222	5.2869e+06	4.8082	3.4585e+15	0.99892	0.72748	0.25752	0.00032435	0.002608	3.161e-05	0.0007717	1.897e-06	0.006387	2.579e-06	1.545e-05	0.001404	3.5206e-05	0.0006773	5.972e-05	0.0007474	6.856e-06	0.0003725	4.951e-06	7.4986e-05	3.866e-06	6.426e-05	4.148e-08	3.2e-06	3.821e-07	1.867e-05	1.364e-05	0.001294	3.593e-06	7.65e-05
0.77424	0.38724	5.2156e+06	4.5455	3.2254e+15	0.99893	0.72765	0.25739	0.00028821	0.002607	3.1595e-05	0.0007714	1.896e-06	0.006384	2.578e-06	1.544e-05	0.001404	3.519e-05	0.00067705	5.97e-05	0.0007472	6.854e-06	0.0003724	4.95e-06	7.496e-05	3.864e-06	6.424e-05	4.147e-08	3.199e-06	3.8195e-07	1.866e-05	1.364e-05	0.001294	3.592e-06	7.647e-05
0.78142	0.39226	5.1453e+06	4.2973	3.0089e+15	0.99894	0.72782	0.25725	0.00025687	0.002606	3.158e-05	0.0007711	1.895e-06	0.006382	2.577e-06	1.544e-05	0.001403	3.519e-05	0.0006769	5.969e-05	0.000747	6.852e-06	0.0003723	4.949e-06	7.495e-05	3.864e-06	6.423e-05	4.146e-08	3.198e-06	3.819e-07	1.866e-05	1.364e-05	0.001294	3.591e-06	7.646e-05
0.7884	0.39729	5.0766e+06	4.0628	2.8071e+15	0.99895	0.72799	0.25712	0.00022907	0.002605	3.157e-05	0.0007708	1.894e-06	0.006379	2.576e-06	1.543e-05	0.001403	3.518e-05	0.0006767	5.9674e-05	0.0007468	6.85e-06	0.0003722	4.947e-06	7.492e-05	3.8624e-06	6.421e-05	4.145e-08	3.197e-06	3.818e-07	1.865e-05	1.363e-05	0.001293	3.59e-06	7.644e-05
0.79514	0.40231	5.0093e+06	3.8424	2.6199e+15	0.99895	0.72815	0.25699	0.00020524	0.002604	3.155e-05	0.0007705	1.894e-06	0.006377	2.575e-06	1.542e-05	0.001402	3.517e-05	0.0006766	5.966e-05	0.0007466	6.849e-06	0.0003721	4.946e-06	7.491e-05	3.862e-06	6.42e-05	4.144e-08	3.196e-06	3.817e-07	1.865e-05	1.363e-05	0.001293	3.589e-06	7.642e-05
0.8017	0.40733	4.943e+06	3.6347	2.4447e+15	0.99896	0.7283	0.25686	0.00018414	0.002603	3.154e-05	0.0007702	1.893e-06	0.006375	2.574e-06	1.542e-05	0.001402	3.516e-05	0.0006764	5.965e-05	0.0007465	6.847e-06	0.000372	4.945e-06	7.489e-05	3.861e-06	6.4183e-05	4.143e-08	3.196e-06	3.816e-07	1.864e-05	1.363e-05	0.001293	3.588e-06	7.64e-05
0.80806	0.41235	4.8777e+06	3.4375	2.2827e+15	0.99896	0.72845	0.25673	0.00016552	0.002602	3.153e-05	0.0007699	1.892e-06	0.006372	2.573e-06	1.541e-05	0.001401	3.515e-05	0.0006763	5.963e-05	0.0007463	6.846e-06	0.0003719	4.944e-06	7.487e-05	3.86e-06	6.417e-05	4.142e-08	3.195e-06	3.815e-07	1.864e-05	1.362e-05	0.001292	3.587e-06	7.6383e-05
0.81421	0.41738	4.8145e+06	3.2524	2.1317e+15	0.99897	0.72861	0.2566	0.00014947	0.002601	3.1512e-05	0.0007696	1.891e-06	0.00637	2.572e-06	1.54e-05	0.001401	3.514e-05	0.0006761	5.962e-05	0.0007461	6.844e-06	0.0003718	4.943e-06	7.485e-05	3.859e-06	6.415e-05	4.141e-08	3.194e-06	3.814e-07	1.863e-05	1.362e-05	0.001292	3.586e-06	7.6362e-05
0.82017	0.4224	4.7512e+06	3.0784	1.9908e+15	0.99897	0.72875	0.25648	0.00013536	0.0026	3.15e-05	0.0007694	1.891e-06	0.006368	2.571e-06	1.54e-05	0.0014	3.514e-05	0.000676	5.961e-05	0.000746	6.843e-06	0.0003718	4.942e-06	7.484e-05	3.858e-06	6.414e-05	4.14e-08	3.1932e-06	3.813e-07	1.863e-05	1.362e-05	0.001292	3.586e-06	7.635e-05
0.82597	0.42742	4.6899e+06	2.9135	1.86e+15	0.99897	0.72889	0.25635	0.00012287	0.002599	3.149e-05	0.00076902	1.89e-06	0.006365	2.57e-06	1.539e-05	0.0014	3.513e-05	0.0006758	5.959e-05	0.00074572	6.841e-06	0.00037162	4.94e-06	7.482e-05	3.857e-06	6.412e-05	4.139e-08	3.193e-06	3.812e-07	1.862e-05	1.361e-05	0.001291	3.585e-06	7.633e-05
0.83156	0.43244	4.6297e+06	2.7577	1.7383e+15	0.99897	0.72902	0.25623	0.00011211	0.002598	3.148e-05	0.0007688	1.889e-06	0.006363	2.569e-06	1.539e-05	0.001399	3.512e-05	0.00067561	5.958e-05	0.0007456	6.8391e-06	0.0003716	4.939e-06	7.4801e-05	3.856e-06	6.411e-05	4.138e-08	3.192e-06	3.812e-07	1.862e-05	1.361e-05	0.001291	3.584e-06	7.6311e-05
0.837	0.43747	4.5704e+06	2.6109	1.6257e+15	0.99897	0.72915	0.25612	0.00010256	0.002597	3.147e-05	0.0007686	1.889e-06	0.0063611	2.568e-06	1.538e-05	0.001399	3.5111e-05	0.0006755	5.957e-05	0.0007455	6.838e-06	0.0003715	4.939e-06	7.479e-05	3.856e-06	6.41e-05	4.1371e-08	3.191e-06	3.811e-07	1.862e-05	1.361e-05	0.001291	3.5831e-06	7.63e-05
0.84227	0.44249	4.5121e+06	2.4723	1.5192e+15	0.99897	0.72929	0.256	9.4205e-05	0.002596	3.146e-05	0.0007683	1.888e-06	0.006359	2.567e-06	1.538e-05	0.001398	3.511e-05	0.0006754	5.956e-05	0.0007453	6.837e-06	0.0003714	4.938e-06	7.478e-05	3.855e-06	6.409e-05	4.137e-08	3.191e-06	3.81e-07	1.861e-05	1.361e-05	0.001291	3.583e-06	7.629e-05
0.84738	0.44751	4.4549e+06	2.3417	1.4217e+15	0.99897	0.72942	0.25588	8.6863e-05	0.002595	3.144e-05	0.000768	1.887e-06	0.006357	2.566e-06	1.537e-05	0.001398	3.51e-05	0.0006752	5.954e-05	0.0007451	6.835e-06	0.0003713	4.936e-06	7.476e-05	3.854e-06	6.407e-05	4.136e-08	3.19e-06	3.809e-07	1.861e-05	1.36e-05	0.00129	3.582e-06	7.627e-05
0.85231	0.45254	4.3986e+06	2.2192	1.3294e+15	0.99897	0.72955	0.25576	8.0519e-05	0.002594	3.143e-05	0.00076779	1.886e-06	0.006355	2.565e-06	1.536e-05	0.001397	3.509e-05	0.0006751	5.953e-05	0.000745	6.834e-06	0.0003713	4.935e-06	7.474e-05	3.853e-06	6.406e-05	4.135e-08	3.189e-06	3.808e-07	1.8609e-05	1.36e-05	0.00129	3.581e-06	7.625e-05
0.85709	0.45756	4.3434e+06	2.1027	1.2441e+15	0.99897	0.72968	0.25564	7.4932e-05	0.002594	3.142e-05	0.0007675	1.886e-06	0.006353	2.565e-06	1.536e-05	0.001397	3.5089e-05	0.000675	5.952e-05	0.0007449	6.8329e-06	0.0003712	4.934e-06	7.473e-05	3.8529e-06	6.405e-05	4.134e-08	3.189e-06	3.808e-07	1.86e-05	1.36e-05	0.00129	3.5809e-06	7.624e-05
0.86173	0.46258	4.2892e+06	1.9924	1.1647e+15	0.99897	0.7298	0.25553	6.9999e-05	0.002593	3.141e-05	0.0007673	1.885e-06	0.006351	2.564e-06	1.535e-05	0.001397	3.508e-05	0.00067488	5.951e-05	0.0007447	6.831e-06	0.0003711	4.934e-06	7.472e-05	3.852e-06	6.4038e-05	4.133e-08	3.188e-06	3.807e-07	1.86e-05	1.3598e-05	0.00129	3.58e-06	7.6228e-05
0.86623	0.4676	4.236e+06	1.8889	1.0906e+15	0.99896	0.72993	0.25541	6.57e-05	0.002592	3.14e-05	0.000767	1.8848e-06	0.006349	2.563e-06	1.535e-05	0.001396	3.507e-05	0.0006747	5.95e-05	0.0007446	6.83e-06	0.0003711	4.9328e-06	7.47e-05	3.851e-06	6.402e-05	4.132e-08	3.1878e-06	3.806e-07	1.859e-05	1.359e-05	0.001289	3.579e-06	7.621e-05
0.87058	0.47263	4.1835e+06	1.7907	1.0212e+15	0.99896	0.73006	0.25529	6.1935e-05	0.002591	3.138e-05	0.00076677	1.884e-06	0.006347	2.562e-06	1.534e-05	0.001396	3.506e-05	0.00067457	5.948e-05	0.0007444	6.828e-06	0.000371	4.931e-06	7.468e-05	3.85e-06	6.401e-05	4.1317e-08	3.187e-06	3.805e-07	1.859e-05	1.359e-05	0.001289	3.578e-06	7.619e-05
0.87478	0.47765	4.1315e+06	1.6983	9.5656e+14	0.99896	0.73018	0.25517	5.8678e-05	0.00259	3.137e-05	0.0007665	1.883e-06	0.006345	2.561e-06	1.534e-05	0.001395	3.506e-05	0.0006744	5.947e-05	0.0007443	6.827e-06	0.0003709	4.931e-06	7.467e-05	3.8497e-06	6.4e-05	4.131e-08	3.186e-06	3.805e-07	1.859e-05	1.359e-05	0.001289	3.578e-06	7.618e-05
0.87887	0.48267	4.0803e+06	1.6113	8.9622e+14	0.99896	0.7303	0.25506	5.5768e-05	0.002589	3.136e-05	0.0007663	1.883e-06	0.006343	2.56e-06	1.533e-05	0.001395	3.505e-05	0.0006743	5.946e-05	0.00074417	6.826e-06	0.00037087	4.93e-06	7.466e-05	3.849e-06	6.3987e-05	4.13e-08	3.186e-06	3.804e-07	1.858e-05	1.358e-05	0.001289	3.577e-06	7.6167e-05
0.88281	0.48769	4.0301e+06	1.5289	8.4001e+14	0.99896	0.73042	0.25494	5.3247e-05	0.002589	3.135e-05	0.0007661	1.882e-06	0.006341	2.56e-06	1.533e-05	0.001395	3.505e-05	0.0006742	5.945e-05	0.000744	6.825e-06	0.0003708	4.929e-06	7.465e-05	3.848e-06	6.3976e-05	4.129e-08	3.185e-06	3.8036e-07	1.858e-05	1.358e-05	0.001289	3.577e-06	7.615e-05
0.88665	0.49272	3.9808e+06	1.4505	7.8744e+14	0.99896	0.73054	0.25483	5.0994e-05	0.002588	3.134e-05	0.0007658	1.881e-06	0.006339	2.559e-06	1.532e-05	0.001394	3.504e-05	0.0006741	5.944e-05	0.0007439	6.823e-06	0.0003707	4.928e-06	7.463e-05	3.847e-06	6.396e-05	4.129e-08	3.185e-06	3.803e-07	1.858e-05	1.358e-05	0.001288	3.576e-06	7.614e-05
0.89036	0.49774	3.9326e+06	1.3767	7.3836e+14	0.99896	0.73066	0.25472	4.9045e-05	0.002587	3.133e-05	0.0007657	1.881e-06	0.006338	2.558e-06	1.532e-05	0.001394	3.504e-05	0.000674	5.944e-05	0.0007438	6.823e-06	0.0003707	4.9275e-06	7.462e-05	3.847e-06	6.396e-05	4.128e-08	3.184e-06	3.802e-07	1.858e-05	1.358e-05	0.001288	3.575e-06	7.613e-05
0.89396	0.50276	3.8844e+06	1.3073	6.925e+14	0.99895	0.73079	0.25459	4.7336e-05	0.002586	3.132e-05	0.0007654	1.88e-06	0.006336	2.557e-06	1.531e-05	0.001393	3.503e-05	0.0006739	5.942e-05	0.0007436	6.821e-06	0.0003706	4.926e-06	7.461e-05	3.846e-06	6.394e-05	4.127e-08	3.1835e-06	3.801e-07	1.857e-05	1.358e-05	0.001288	3.575e-06	7.611e-05
0.89744	0.50778	3.8372e+06	1.2416	6.4972e+14	0.99895	0.73091	0.25447	4.5841e-05	0.002585	3.131e-05	0.00076514	1.88e-06	0.006334	2.5564e-06	1.531e-05	0.001393	3.502e-05	0.0006737	5.941e-05	0.0007435	6.82e-06	0.0003705	4.9254e-06	7.459e-05	3.8454e-06	6.393e-05	4.1264e-08	3.183e-06	3.801e-07	1.857e-05	1.357e-05	0.001288	3.574e-06	7.61e-05
0.90081	0.51281	3.7905e+06	1.1793	6.0967e+14	0.99895	0.73103	0.25436	4.452e-05	0.002585	3.13e-05	0.000765	1.879e-06	0.006332	2.556e-06	1.53e-05	0.001393	3.502e-05	0.0006737	5.94e-05	0.0007434	6.819e-06	0.0003705	4.925e-06	7.4584e-05	3.845e-06	6.392e-05	4.126e-08	3.183e-06	3.8e-07	1.857e-05	1.357e-05	0.001287	3.574e-06	7.609e-05
0.90407	0.51783	3.7444e+06	1.1201	5.7223e+14	0.99895	0.73116	0.25424	4.3374e-05	0.002584	3.129e-05	0.0007647	1.878e-06	0.0063303	2.555e-06	1.53e-05	0.001392	3.501e-05	0.0006735	5.939e-05	0.0007433	6.818e-06	0.0003704	4.924e-06	7.457e-05	3.844e-06	6.391e-05	4.125e-08	3.182e-06	3.8e-07	1.856e-05	1.357e-05	0.001287	3.573e-06	7.6073e-05
0.90723	0.52285	3.6985e+06	1.0645	5.3728e+14	0.99895	0.73128	0.25412	4.237e-05	0.002583	3.128e-05	0.0007645	1.878e-06	0.006329	2.554e-06	1.529e-05	0.001392	3.5003e-05	0.0006734	5.938e-05	0.0007432	6.817e-06	0.0003704	4.923e-06	7.456e-05	3.844e-06	6.39e-05	4.125e-08	3.181e-06	3.799e-07	1.856e-05	1.357e-05	0.001287	3.572e-06	7.606e-05
0.9103	0.52787	3.654e+06	1.0123	5.045e+14	0.99895	0.7314	0.254	4.148e-05	0.002582	3.127e-05	0.00076423	1.877e-06	0.006327	2.5533e-06	1.529e-05	0.0013913	3.5e-05	0.0006733	5.937e-05	0.000743	6.816e-06	0.0003703	4.922e-06	7.4543e-05	3.843e-06	6.389e-05	4.124e-08	3.181e-06	3.798e-07	1.856e-05	1.356e-05	0.001287	3.572e-06	7.605e-05
0.91326	0.5329	3.6098e+06	0.96201	4.739e+14	0.99895	0.73152	0.25389	4.0706e-05	0.002581	3.126e-05	0.0007641	1.877e-06	0.006325	2.553e-06	1.528e-05	0.001391	3.499e-05	0.0006732	5.9362e-05	0.0007429	6.815e-06	0.0003702	4.922e-06	7.4532e-05	3.842e-06	6.388e-05	4.123e-08	3.18e-06	3.798e-07	1.855e-05	1.356e-05	0.001287	3.571e-06	7.604e-05
0.91614	0.53792	3.5656e+06	0.91484	4.4523e+14	0.99895	0.73164	0.25377	4.0021e-05	0.002581	3.125e-05	0.0007639	1.876e-06	0.006324	2.552e-06	1.528e-05	0.001391	3.499e-05	0.0006731	5.936e-05	0.0007428	6.814e-06	0.0003702	4.921e-06	7.4522e-05	3.842e-06	6.387e-05	4.123e-08	3.18e-06	3.797e-07	1.855e-05	1.356e-05	0.001286	3.571e-06	7.603e-05
0.91894	0.54294	3.5225e+06	0.8701	4.183e+14	0.99894	0.73177	0.25365	3.9417e-05	0.00258	3.124e-05	0.0007636	1.876e-06	0.006322	2.551e-06	1.527e-05	0.00139	3.498e-05	0.000673	5.935e-05	0.0007427	6.813e-06	0.0003701	4.92e-06	7.451e-05	3.841e-06	6.386e-05	4.122e-08	3.179e-06	3.797e-07	1.855e-05	1.356e-05	0.001286	3.57e-06	7.6011e-05
0.92163	0.54796	3.4803e+06	0.8277	3.9318e+14	0.99894	0.73189	0.25354	3.8904e-05	0.002579	3.123e-05	0.0007634	1.875e-06	0.00632	2.551e-06	1.527e-05	0.00139	3.498e-05	0.0006729	5.934e-05	0.0007426	6.812e-06	0.0003701	4.9191e-06	7.45e-05	3.841e-06	6.385e-05	4.1211e-08	3.179e-06	3.796e-07	1.855e-05	1.356e-05	0.001286	3.57e-06	7.601e-05
0.92425	0.55299	3.4371e+06	0.7876	3.6966e+14	0.99894	0.732	0.25342	3.8441e-05	0.002578	3.122e-05	0.0007632	1.875e-06	0.006319	2.55e-06	1.527e-05	0.00139	3.497e-05	0.0006728	5.933e-05	0.0007425	6.811e-06	0.00037	4.919e-06	7.449e-05	3.84e-06	6.384e-05	4.121e-08	3.179e-06	3.796e-07	1.854e-05	1.355e-05	0.001286	3.569e-06	7.6e-05
0.92679	0.55801	3.3959e+06	0.74963	3.4756e+14	0.99894	0.73212	0.25331	3.8029e-05	0.002578	3.121e-05	0.000763	1.874e-06	0.006317	2.549e-06	1.526e-05	0.00139	3.497e-05	0.0006727	5.932e-05	0.0007424	6.81e-06	0.00037	4.918e-06	7.448e-05	3.84e-06	6.384e-05	4.12e-08	3.178e-06	3.795e-07	1.854e-05	1.355e-05	0.001286	3.569e-06	7.599e-05
0.92925	0.56303	3.3547e+06	0.71357	3.2687e+14	0.99894	0.73224	0.25319	3.7677e-05	0.002577	3.12e-05	0.00076289	1.874e-06	0.006316	2.549e-06	1.526e-05	0.001389	3.497e-05	0.0006727	5.932e-05	0.0007423	6.809e-06	0.0003699	4.918e-06	7.448e-05	3.839e-06	6.383e-05	4.12e-08	3.178e-06	3.795e-07	1.854e-05	1.355e-05	0.001286	3.568e-06	7.598e-05
0.93164	0.56806	3.3136e+06	0.67944	3.0749e+14	0.99894	0.73236	0.25308	3.7367e-05	0.002576	3.119e-05	0.0007627	1.873e-06	0.006314	2.548e-06	1.525e-05	0.001389	3.496e-05	0.0006726	5.931e-05	0.00074229	6.809e-06	0.0003699	4.917e-06	7.447e-05	3.839e-06	6.382e-05	4.12e-08	3.178e-06	3.794e-07	1.854e-05	1.355e-05	0.001285	3.568e-06	7.597e-05
0.93394	0.57308	3.2724e+06	0.64712	2.8924e+14	0.99894	0.73248	0.25296	3.7095e-05	0.002576	3.1188e-05	0.0007625	1.873e-06	0.006313	2.548e-06	1.525e-05	0.001389	3.496e-05	0.0006725	5.931e-05	0.0007422	6.808e-06	0.0003699	4.917e-06	7.446e-05	3.839e-06	6.382e-05	4.119e-08	3.177e-06	3.794e-07	1.853e-05	1.355e-05	0.001285	3.568e-06	7.596e-05
0.93618	0.5781	3.2322e+06	0.61642	2.7218e+14	0.99894	0.73259	0.25285	3.6854e-05	0.002575	3.118e-05	0.0007624	1.872e-06	0.006312	2.547e-06	1.525e-05	0.001389	3.496e-05	0.0006725	5.93e-05	0.0007421	6.808e-06	0.00036988	4.916e-06	7.446e-05	3.838e-06	6.381e-05	4.119e-08	3.177e-06	3.794e-07	1.853e-05	1.355e-05	0.001285	3.567e-06	7.596e-05
0.93835	0.58312	3.192e+06	0.58731	2.5613e+14	0.99893	0.7327	0.25274	3.6635e-05	0.002575	3.117e-05	0.0007622	1.872e-06	0.006311	2.547e-06	1.524e-05	0.001388	3.495e-05	0.0006724	5.93e-05	0.0007421	6.807e-06	0.0003698	4.916e-06	7.445e-05	3.838e-06	6.381e-05	4.119e-08	3.177e-06	3.793e-07	1.853e-05	1.355e-05	0.001285	3.567e-06	7.595e-05
0.94046	0.58815	3.1528e+06	0.55971	2.4109e+14	0.99893	0.73281	0.25263	3.6454e-05	0.002574	3.116e-05	0.0007621	1.872e-06	0.00631	2.546e-06	1.524e-05	0.001388	3.495e-05	0.0006724	5.93e-05	0.0007421	6.807e-06	0.0003698	4.916e-06	7.445e-05	3.838e-06	6.3807e-05	4.118e-08	3.177e-06	3.793e-07	1.853e-05	1.355e-05	0.001285	3.567e-06	7.595e-05
0.9425	0.59317	3.1137e+06	0.53352	2.2696e+14	0.99893	0.73292	0.25253	3.6293e-05	0.002574	3.116e-05	0.000762	1.871e-06	0.0063097	2.546e-06	1.524e-05	0.001388	3.495e-05	0.0006724	5.929e-05	0.000742	6.807e-06	0.0003698	4.916e-06	7.445e-05	3.838e-06	6.38e-05	4.118e-08	3.177e-06	3.793e-07	1.853e-05	1.355e-05	0.001285	3.567e-06	7.595e-05
0.94447	0.59819	3.0745e+06	0.50868	2.137e+14	0.99893	0.73302	0.25242	3.6152e-05	0.002574	3.115e-05	0.000762	1.871e-06	0.006309	2.546e-06	1.524e-05	0.001388	3.495e-05	0.0006724	5.9294e-05	0.0007421	6.807e-06	0.0003698	4.916e-06	7.445e-05	3.838e-06	6.38e-05	4.118e-08	3.177e-06	3.793e-07	1.853e-05	1.355e-05	0.001285	3.567e-06	7.595e-05
0.94639	0.60321	3.0353e+06	0.48512	2.0119e+14	0.99893	0.73312	0.25233	3.6026e-05	0.002573	3.115e-05	0.0007619	1.871e-06	0.006309	2.546e-06	1.524e-05	0.001388	3.495e-05	0.0006725	5.93e-05	0.0007421	6.807e-06	0.0003698	4.916e-06	7.445e-05	3.838e-06	6.381e-05	4.119e-08	3.177e-06	3.794e-07	1.853e-05	1.355e-05	0.001285	3.567e-06	7.595e-05
0.94825	0.60824	2.9966e+06	0.46266	1.8948e+14	0.99893	0.73321	0.25224	3.5915e-05	0.002573	3.115e-05	0.0007619	1.871e-06	0.006309	2.546e-06	1.524e-05	0.001388	3.496e-05	0.0006725	5.93e-05	0.0007421	6.8075e-06	0.00036985	4.916e-06	7.446e-05	3.838e-06	6.381e-05	4.119e-08	3.177e-06	3.794e-07	1.853e-05	1.355e-05	0.001285	3.567e-06	7.596e-05
0.95005	0.61326	2.9579e+06	0.44141	1.7848e+14	0.99893	0.7333	0.25215	3.5825e-05	0.002573	3.115e-05	0.000762	1.871e-06	0.0063095	2.546e-06	1.524e-05	0.001388	3.496e-05	0.0006726	5.931e-05	0.0007422	6.808e-06	0.0003699	4.917e-06	7.447e-05	3.839e-06	6.382e-05	4.119e-08	3.1775e-06	3.794e-07	1.854e-05	1.355e-05	0.001285	3.568e-06	7.597e-05
0.9518	0.61828	2.9197e+06	0.42123	1.6814e+14	0.99893	0.73338	0.25207	3.5744e-05	0.002574	3.115e-05	0.000762	1.871e-06	0.00631	2.546e-06	1.524e-05	0.001388	3.497e-05	0.0006727	5.932e-05	0.00074236	6.8096e-06	0.00037	4.918e-06	7.448e-05	3.8396e-06	6.383e-05	4.12e-08	3.178e-06	3.795e-07	1.854e-05	1.355e-05	0.001286	3.568e-06	7.598e-05
0.9535	0.6233	2.8816e+06	0.40204	1.5839e+14	0.99893	0.73344	0.252	3.5674e-05	0.002574	3.115e-05	0.0007622	1.871e-06	0.0063116	2.547e-06	1.524e-05	0.001389	3.4976e-05	0.00067286	5.933e-05	0.0007425	6.811e-06	0.00037	4.919e-06	7.4496e-05	3.84e-06	6.3846e-05	4.121e-08	3.179e-06	3.796e-07	1.854e-05	1.3556e-05	0.001286	3.569e-06	7.6e-05
0.95515	0.62833	2.8434e+06	0.38382	1.4921e+14	0.99893	0.7335	0.25194	3.5613e-05	0.0025747	3.116e-05	0.00076237	1.872e-06	0.006313	2.547e-06	1.525e-05	0.001389	3.4987e-05	0.000673	5.935e-05	0.0007427	6.813e-06	0.00037017	4.92e-06	7.452e-05	3.8417e-06	6.386e-05	4.122e-08	3.18e-06	3.797e-07	1.855e-05	1.356e-05	0.001286	3.57e-06	7.602e-05
0.95674	0.63335	2.8052e+06	0.36651	1.4057e+14	0.99893	0.73356	0.25187	3.556e-05	0.002575	3.117e-05	0.0007626	1.872e-06	0.006316	2.548e-06	1.525e-05	0.00139	3.5e-05	0.0006733	5.937e-05	0.000743	6.815e-06	0.0003703	4.922e-06	7.454e-05	3.843e-06	6.3887e-05	4.124e-08	3.181e-06	3.798e-07	1.8557e-05	1.356e-05	0.001287	3.5717e-06	7.6047e-05
0.95829	0.63837	2.767e+06	0.35011	1.3241e+14	0.99893	0.73363	0.2518	3.5513e-05	0.0025767	3.118e-05	0.000763	1.873e-06	0.006319	2.5497e-06	1.526e-05	0.001391	3.5017e-05	0.0006736	5.94e-05	0.00074337	6.819e-06	0.00037047	4.9247e-06	7.458e-05	3.845e-06	6.3917e-05	4.126e-08	3.182e-06	3.8e-07	1.856e-05	1.357e-05	0.001287	3.573e-06	7.6087e-05
0.9598	0.64339	2.7288e+06	0.33442	1.2477e+14	0.99892	0.73371	0.25171	3.5472e-05	0.002578	3.12e-05	0.00076358	1.875e-06	0.0063238	2.551e-06	1.527e-05	0.001392	3.504e-05	0.00067408	5.9438e-05	0.00074388	6.823e-06	0.0003707	4.9278e-06	7.4628e-05	3.847e-06	6.3958e-05	4.128e-08	3.184e-06	3.8028e-07	1.858e-05	1.358e-05	0.001288	3.5758e-06	7.613e-05
0.96126	0.64842	2.6907e+06	0.31955	1.1762e+14	0.99892	0.73382	0.25158	3.544e-05	0.00258	3.123e-05	0.0007642	1.876e-06	0.0063298	2.554e-06	1.528e-05	0.001393	3.5068e-05	0.00067458	5.9488e-05	0.0007444	6.8288e-06	0.000371	4.9318e-06	7.4688e-05	3.85e-06	6.4008e-05	4.1318e-08	3.187e-06	3.8058e-07	1.859e-05	1.359e-05	0.001289	3.5788e-06	7.6198e-05
0.96267	0.65344	2.6525e+06	0.30546	1.1078e+14	0.99892	0.734	0.25139	3.54e-05	0.002583	3.126e-05	0.00076509	1.878e-06	0.006337	2.5569e-06	1.53e-05	0.001395	3.51e-05	0.00067529	5.9549e-05	0.00074519	6.8359e-06	0.00037139	4.9369e-06	7.4759e-05	3.854e-06	6.407e-05	4.1359e-08	3.19e-06	3.809e-07	1.861e-05	1.36e-05	0.00129	3.582e-06	7.6269e-05
0.96405	0.65846	2.6133e+06	0.292	1.0435e+14	0.99892	0.73427	0.2511	3.536e-05	0.002586	3.13e-05	0.00076618	1.881e-06	0.0063469	2.56e-06	1.532e-05	0.001397	3.514e-05	0.00067609	5.9619e-05	0.00074609	6.8439e-06	0.0003718	4.9429e-06	7.4849e-05	3.8589e-06	6.4149e-05	4.1409e-08	3.194e-06	3.814e-07	1.863e-05	1.362e-05	0.001292	3.586e-06	7.6359e-05
0.96538	0.66348	2.5751e+06	0.27914	9.8338e+13	0.99892	0.73467	0.25068	3.53e-05	0.00259	3.134e-05	0.0007674	1.884e-06	0.006358	2.565e-06	1.535e-05	0.0014	3.52e-05	0.0006771	5.971e-05	0.0007472	6.854e-06	0.0003724	4.95e-06	7.4969e-05	3.865e-06	6.425e-05	4.147e-08	3.199e-06	3.82e-07	1.866e-05	1.364e-05	0.001294	3.592e-06	7.648e-05
0.96668	0.66851	2.5349e+06	0.26698	9.2642e+13	0.99892	0.73524	0.25008	3.524e-05	0.002593	3.138e-05	0.0007686	1.887e-06	0.006369	2.569e-06	1.538e-05	0.001403	3.526e-05	0.0006783	5.981e-05	0.0007486	6.866e-06	0.000373	4.959e-06	7.51e-05	3.872e-06	6.436e-05	4.155e-08	3.205e-06	3.827e-07	1.869e-05	1.366e-05	0.001296	3.598e-06	7.662e-05
0.96793	0.67353	2.4958e+06	0.25533	8.7269e+13	0.99892	0.73604	0.24927	3.5149e-05	0.002593	3.137e-05	0.000769	1.887e-06	0.006375	2.5719e-06	1.539e-05	0.001405	3.532e-05	0.00067941	5.9911e-05	0.00074981	6.8781e-06	0.0003737	4.9671e-06	7.523e-05	3.878e-06	6.4471e-05	4.1611e-08	3.21e-06	3.833e-07	1.873e-05	1.369e-05	0.0012981	3.6041e-06	7.6741e-05
0.96916	0.67855	2.4555e+06	0.24428	8.2198e+13	0.99892	0.73707	0.24825	3.5049e-05	0.0025869	3.1279e-05	0.00076747	1.8829e-06	0.0063648	2.5669e-06	1.535e-05	0.0014039	3.5329e-05	0.00067959	5.9929e-05	0.00074999	6.8799e-06	0.00037379	4.968e-06	7.5239e-05	3.8789e-06	6.4489e-05	4.162e-08	3.2109e-06	3.8339e-07	1.873e-05	1.369e-05	0.001299	3.605e-06	7.6759e-05
0.97034	0.68358	2.4144e+06	0.23375	7.7411e+13	0.99892	0.73837	0.24702	3.4918e-05	0.0025727	3.1095e-05	0.00076332	1.8718e-06	0.0063312	2.5517e-06	1.5258e-05	0.0013958	3.5207e-05	0.00067734	5.9725e-05	0.00074744	6.8564e-06	0.00037247	4.9515e-06	7.4992e-05	3.8657e-06	6.4265e-05	4.1485e-08	3.1997e-06	3.8207e-07	1.8668e-05	1.3648e-05	0.0012948	3.5927e-06	7.6504e-05
0.97149	0.6886	2.373e+06	0.2237	7.2894e+13	0.99892	0.7399	0.2456	3.4776e-05	0.0025526	3.0834e-05	0.00075716	1.8558e-06	0.0062788	2.5296e-06	1.5118e-05	0.0013838	3.4964e-05	0.0006727	5.932e-05	0.0007423	6.809e-06	0.00036994	4.9174e-06	7.4478e-05	3.8394e-06	6.383e-05	4.1202e-08	3.1776e-06	3.7944e-07	1.8538e-05	1.3548e-05	0.0012858	3.5684e-06	7.5978e-05
0.97261	0.69362	2.331e+06	0.21408	6.8621e+13	0.99892	0.74162	0.24401	3.4605e-05	0.0025295	3.0543e-05	0.00075001	1.8378e-06	0.0062176	2.5045e-06	1.4965e-05	0.0013698	3.4705e-05	0.00066768	5.8878e-05	0.00073678	6.7588e-06	0.00036723	4.881e-06	7.3918e-05	3.8105e-06	6.335e-05	4.0893e-08	3.1545e-06	3.7663e-07	1.8398e-05	1.3448e-05	0.0012758	3.5415e-06	7.5416e-05
0.9737	0.69864	2.2879e+06	0.20504	6.4598e+13	0.99892	0.74353	0.24225	3.4404e-05	0.0025044	3.0231e-05	0.00074237	1.8194e-06	0.0061533	2.4784e-06	1.4807e-05	0.0013557	3.4444e-05	0.00066266	5.8439e-05	0.00073133	6.7086e-06	0.00036444	4.8449e-06	7.3373e-05	3.7821e-06	6.2886e-05	4.0591e-08	3.1304e-06	3.7381e-07	1.8264e-05	1.3347e-05	0.0012667	3.5154e-06	7.4853e-05
0.97475	0.70367	2.2443e+06	0.19643	6.0787e+13	0.99892	0.7456	0.24032	3.419e-05	0.002478	2.991e-05	0.00073453	1.7993e-06	0.0060877	2.452e-06	1.4647e-05	0.0013407	3.419e-05	0.00065763	5.7997e-05	0.0007258	6.6573e-06	0.0003617	4.808e-06	7.2813e-05	3.754e-06	6.2403e-05	4.028e-08	3.107e-06	3.71e-07	1.8127e-05	1.3247e-05	0.0012567	3.489e-06	7.4283e-05
0.97578	0.70869	2.1991e+06	0.18824	5.7178e+13	0.99892	0.74783	0.23824	3.3942e-05	0.0024509	2.9575e-05	0.00072636	1.7792e-06	0.0060194	2.4239e-06	1.4482e-05	0.0013256	3.3912e-05	0.00065241	5.7531e-05	0.00071997	6.6041e-06	0.00035879	4.7695e-06	7.2237e-05	3.7239e-06	6.1911e-05	3.9959e-08	3.0822e-06	3.6809e-07	1.7982e-05	1.3146e-05	0.0012466	3.4609e-06	7.3694e-05
0.97678	0.71371	2.1529e+06	0.1805	5.3771e+13	0.99892	0.75023	0.23599	3.3672e-05	0.0024217	2.9223e-05	0.00071772	1.7582e-06	0.005947	2.3947e-06	1.4302e-05	0.0013096	3.3627e-05	0.00064685	5.7039e-05	0.00071385	6.5485e-06	0.00035577	4.7293e-06	7.1615e-05	3.6917e-06	6.1379e-05	3.9617e-08	3.0557e-06	3.6493e-07	1.7826e-05	1.3032e-05	0.0012366	3.4317e-06	7.3065e-05
0.97775	0.71873	2.1047e+06	0.17327	5.0545e+13	0.99892	0.75281	0.23357	3.3376e-05	0.0023911	2.8841e-05	0.00070843	1.7351e-06	0.0058693	2.3626e-06	1.4111e-05	0.0012921	3.3311e-05	0.00064082	5.6512e-05	0.00070717	6.4872e-06	0.00035246	4.6851e-06	7.0947e-05	3.6576e-06	6.0812e-05	3.9251e-08	3.0276e-06	3.6151e-07	1.7661e-05	1.2911e-05	0.0012245	3.3996e-06	7.2387e-05
0.97869	0.72376	2.0539e+06	0.16659	4.7486e+13	0.99892	0.75488	0.23164	3.313e-05	0.002366	2.854e-05	0.0007009	1.716e-06	0.005806	2.337e-06	1.396e-05	0.001278	3.306e-05	0.000636	5.609e-05	0.0007019	6.438e-06	0.0003498	4.65e-06	7.042e-05	3.63e-06	6.035e-05	3.895e-08	3.005e-06	3.588e-07	1.753e-05	1.281e-05	0.001216	3.374e-06	7.184e-05
0.97961	0.72878	2.0032e+06	0.16037	4.4574e+13	0.99892	0.75488	0.23164	3.313e-05	0.002366	2.854e-05	0.0007009	1.716e-06	0.005806	2.337e-06	1.396e-05	0.001278	3.306e-05	0.000636	5.609e-05	0.0007019	6.438e-06	0.0003498	4.65e-06	7.042e-05	3.63e-06	6.035e-05	3.895e-08	3.005e-06	3.588e-07	1.753e-05	1.281e-05	0.001216	3.374e-06	7.184e-05
0.98051	0.7338	1.953e+06	0.15434	4.1817e+13	0.99891	0.75488	0.23164	3.313e-05	0.002366	2.854e-05	0.0007009	1.716e-06	0.005806	2.337e-06	1.396e-05	0.001278	3.306e-05	0.000636	5.609e-05	0.0007019	6.438e-06	0.0003498	4.65e-06	7.042e-05	3.63e-06	6.035e-05	3.895e-08	3.005e-06	3.588e-07	1.753e-05	1.281e-05	0.001216	3.374e-06	7.184e-05
0.98139	0.73882	1.9038e+06	0.14841	3.9191e+13	0.99891	0.75488	0.23164	3.313e-05	0.002366	2.854e-05	0.0007009	1.716e-06	0.005806	2.337e-06	1.396e-05	0.001278	3.306e-05	0.000636	5.609e-05	0.0007019	6.438e-06	0.0003498	4.65e-06	7.042e-05	3.63e-06	6.035e-05	3.895e-08	3.005e-06	3.588e-07	1.753e-05	1.281e-05	0.001216	3.374e-06	7.184e-05
0.98225	0.74385	1.8545e+06	0.14268	3.6704e+13	0.99891	0.75488	0.23164	3.313e-05	0.002366	2.854e-05	0.0007009	1.716e-06	0.005806	2.337e-06	1.396e-05	0.001278	3.306e-05	0.000636	5.609e-05	0.0007019	6.438e-06	0.0003498	4.65e-06	7.042e-05	3.63e-06	6.035e-05	3.895e-08	3.005e-06	3.588e-07	1.753e-05	1.281e-05	0.001216	3.374e-06	7.184e-05
0.98308	0.74887	1.8063e+06	0.13706	3.4337e+13	0.99891	0.75488	0.23164	3.313e-05	0.002366	2.854e-05	0.0007009	1.716e-06	0.005806	2.337e-06	1.396e-05	0.001278	3.306e-05	0.000636	5.609e-05	0.0007019	6.438e-06	0.0003498	4.65e-06	7.042e-05	3.63e-06	6.035e-05	3.895e-08	3.005e-06	3.588e-07	1.753e-05	1.281e-05	0.001216	3.374e-06	7.184e-05
0.98389	0.75389	1.7581e+06	0.13163	3.2095e+13	0.99891	0.75488	0.23164	3.313e-05	0.002366	2.854e-05	0.0007009	1.716e-06	0.005806	2.337e-06	1.396e-05	0.001278	3.306e-05	0.000636	5.609e-05	0.0007019	6.438e-06	0.0003498	4.65e-06	7.042e-05	3.63e-06	6.035e-05	3.895e-08	3.005e-06	3.588e-07	1.753e-05	1.281e-05	0.001216	3.374e-06	7.184e-05
0.98468	0.75891	1.7117e+06	0.1263	2.9966e+13	0.99891	0.75488	0.23164	3.313e-05	0.002366	2.854e-05	0.0007009	1.716e-06	0.005806	2.337e-06	1.396e-05	0.001278	3.306e-05	0.000636	5.609e-05	0.0007019	6.438e-06	0.0003498	4.65e-06	7.042e-05	3.63e-06	6.035e-05	3.895e-08	3.005e-06	3.588e-07	1.753e-05	1.281e-05	0.001216	3.374e-06	7.184e-05
0.98545	0.76394	1.6646e+06	0.12116	2.7954e+13	0.99891	0.75488	0.23164	3.313e-05	0.002366	2.854e-05	0.0007009	1.716e-06	0.005806	2.337e-06	1.396e-05	0.001278	3.306e-05	0.000636	5.609e-05	0.0007019	6.438e-06	0.0003498	4.65e-06	7.042e-05	3.63e-06	6.035e-05	3.895e-08	3.005e-06	3.588e-07	1.753e-05	1.281e-05	0.001216	3.374e-06	7.184e-05
0.98619	0.76896	1.6184e+06	0.11614	2.6045e+13	0.99891	0.75488	0.23164	3.313e-05	0.002366	2.854e-05	0.0007009	1.716e-06	0.005806	2.337e-06	1.396e-05	0.001278	3.306e-05	0.000636	5.609e-05	0.0007019	6.438e-06	0.0003498	4.65e-06	7.042e-05	3.63e-06	6.035e-05	3.895e-08	3.005e-06	3.588e-07	1.753e-05	1.281e-05	0.001216	3.374e-06	7.184e-05
0.98692	0.77398	1.5732e+06	0.11122	2.4236e+13	0.99891	0.75488	0.23164	3.313e-05	0.002366	2.854e-05	0.0007009	1.716e-06	0.005806	2.337e-06	1.396e-05	0.001278	3.306e-05	0.000636	5.609e-05	0.0007019	6.438e-06	0.0003498	4.65e-06	7.042e-05	3.63e-06	6.035e-05	3.895e-08	3.005e-06	3.588e-07	1.753e-05	1.281e-05	0.001216	3.374e-06	7.184e-05
0.98762	0.77901	1.5289e+06	0.10649	2.2538e+13	0.99891	0.75488	0.23164	3.313e-05	0.002366	2.854e-05	0.0007009	1.716e-06	0.005806	2.337e-06	1.396e-05	0.001278	3.306e-05	0.000636	5.609e-05	0.0007019	6.438e-06	0.0003498	4.65e-06	7.042e-05	3.63e-06	6.035e-05	3.895e-08	3.005e-06	3.588e-07	1.753e-05	1.281e-05	0.001216	3.374e-06	7.184e-05
0.9883	0.78403	1.4838e+06	0.10178	2.0921e+13	0.99891	0.75488	0.23164	3.313e-05	0.002366	2.854e-05	0.0007009	1.716e-06	0.005806	2.337e-06	1.396e-05	0.001278	3.306e-05	0.000636	5.609e-05	0.0007019	6.438e-06	0.0003498	4.65e-06	7.042e-05	3.63e-06	6.035e-05	3.895e-08	3.005e-06	3.588e-07	1.753e-05	1.281e-05	0.001216	3.374e-06	7.184e-05
0.98896	0.78905	1.4405e+06	0.097286	1.9395e+13	0.99891	0.75488	0.23164	3.313e-05	0.002366	2.854e-05	0.0007009	1.716e-06	0.005806	2.337e-06	1.396e-05	0.001278	3.306e-05	0.000636	5.609e-05	0.0007019	6.438e-06	0.0003498	4.65e-06	7.042e-05	3.63e-06	6.035e-05	3.895e-08	3.005e-06	3.588e-07	1.753e-05	1.281e-05	0.001216	3.374e-06	7.184e-05
0.98959	0.79407	1.3973e+06	0.092887	1.796e+13	0.99891	0.75488	0.23164	3.313e-05	0.002366	2.854e-05	0.0007009	1.716e-06	0.005806	2.337e-06	1.396e-05	0.001278	3.306e-05	0.000636	5.609e-05	0.0007019	6.438e-06	0.0003498	4.65e-06	7.042e-05	3.63e-06	6.035e-05	3.895e-08	3.005e-06	3.588e-07	1.753e-05	1.281e-05	0.001216	3.374e-06	7.184e-05
0.99021	0.7991	1.3542e+06	0.08861	1.6605e+13	0.99891	0.75488	0.23164	3.313e-05	0.002366	2.854e-05	0.0007009	1.716e-06	0.005806	2.337e-06	1.396e-05	0.001278	3.306e-05	0.000636	5.609e-05	0.0007019	6.438e-06	0.0003498	4.65e-06	7.042e-05	3.63e-06	6.035e-05	3.895e-08	3.005e-06	3.588e-07	1.753e-05	1.281e-05	0.001216	3.374e-06	7.184e-05
0.9908	0.80412	1.3121e+06	0.084453	1.5322e+13	0.99891	0.75488	0.23164	3.313e-05	0.002366	2.854e-05	0.0007009	1.716e-06	0.005806	2.337e-06	1.396e-05	0.001278	3.306e-05	0.000636	5.609e-05	0.0007019	6.438e-06	0.0003498	4.65e-06	7.042e-05	3.63e-06	6.035e-05	3.895e-08	3.005e-06	3.588e-07	1.753e-05	1.281e-05	0.001216	3.374e-06	7.184e-05
0.99138	0.80914	1.2699e+06	0.080407	1.4119e+13	0.99891	0.75488	0.23164	3.313e-05	0.002366	2.854e-05	0.0007009	1.716e-06	0.005806	2.337e-06	1.396e-05	0.001278	3.306e-05	0.000636	5.609e-05	0.0007019	6.438e-06	0.0003498	4.65e-06	7.042e-05	3.63e-06	6.035e-05	3.895e-08	3.005e-06	3.588e-07	1.753e-05	1.281e-05	0.001216	3.374e-06	7.184e-05
0.99193	0.81416	1.2287e+06	0.076473	1.2994e+13	0.99891	0.75488	0.23164	3.313e-05	0.002366	2.854e-05	0.0007009	1.716e-06	0.005806	2.337e-06	1.396e-05	0.001278	3.306e-05	0.000636	5.609e-05	0.0007019	6.438e-06	0.0003498	4.65e-06	7.042e-05	3.63e-06	6.035e-05	3.895e-08	3.005e-06	3.588e-07	1.753e-05	1.281e-05	0.001216	3.374e-06	7.184e-05
0.99246	0.81919	1.1881e+06	0.072652	1.1929e+13	0.99891	0.75488	0.23164	3.313e-05	0.002366	2.854e-05	0.0007009	1.716e-06	0.005806	2.337e-06	1.396e-05	0.001278	3.306e-05	0.000636	5.609e-05	0.0007019	6.438e-06	0.0003498	4.65e-06	7.042e-05	3.63e-06	6.035e-05	3.895e-08	3.005e-06	3.588e-07	1.753e-05	1.281e-05	0.001216	3.374e-06	7.184e-05
0.99297	0.82421	1.1473e+06	0.06894	1.0928e+13	0.99891	0.75488	0.23164	3.313e-05	0.002366	2.854e-05	0.0007009	1.716e-06	0.005806	2.337e-06	1.396e-05	0.001278	3.306e-05	0.000636	5.609e-05	0.0007019	6.438e-06	0.0003498	4.65e-06	7.042e-05	3.63e-06	6.035e-05	3.895e-08	3.005e-06	3.588e-07	1.753e-05	1.281e-05	0.001216	3.374e-06	7.184e-05
0.99346	0.82923	1.1082e+06	0.065344	9.9975e+12	0.99891	0.75488	0.23164	3.313e-05	0.002366	2.854e-05	0.0007009	1.716e-06	0.005806	2.337e-06	1.396e-05	0.001278	3.306e-05	0.000636	5.609e-05	0.0007019	6.438e-06	0.0003498	4.65e-06	7.042e-05	3.63e-06	6.035e-05	3.895e-08	3.005e-06	3.588e-07	1.753e-05	1.281e-05	0.001216	3.374e-06	7.184e-05
0.99394	0.83425	1.068e+06	0.061847	9.1214e+12	0.99891	0.75488	0.23164	3.313e-05	0.002366	2.854e-05	0.0007009	1.716e-06	0.005806	2.337e-06	1.396e-05	0.001278	3.306e-05	0.000636	5.609e-05	0.0007019	6.438e-06	0.0003498	4.65e-06	7.042e-05	3.63e-06	6.035e-05	3.895e-08	3.005e-06	3.588e-07	1.753e-05	1.281e-05	0.001216	3.374e-06	7.184e-05
0.99439	0.83928	1.0293e+06	0.058458	8.3033e+12	0.99891	0.75488	0.23164	3.313e-05	0.002366	2.854e-05	0.0007009	1.716e-06	0.005806	2.337e-06	1.396e-05	0.001278	3.306e-05	0.000636	5.609e-05	0.0007019	6.438e-06	0.0003498	4.65e-06	7.042e-05	3.63e-06	6.035e-05	3.895e-08	3.005e-06	3.588e-07	1.753e-05	1.281e-05	0.001216	3.374e-06	7.184e-05
0.99482	0.8443	9.9067e+05	0.055163	7.5393e+12	0.99891	0.75488	0.23164	3.313e-05	0.002366	2.854e-05	0.0007009	1.716e-06	0.005806	2.337e-06	1.396e-05	0.001278	3.306e-05	0.000636	5.609e-05	0.0007019	6.438e-06	0.0003498	4.65e-06	7.042e-05	3.63e-06	6.035e-05	3.895e-08	3.005e-06	3.588e-07	1.753e-05	1.281e-05	0.001216	3.374e-06	7.184e-05
0.99523	0.84932	9.5256e+05	0.051974	6.8273e+12	0.99891	0.75488	0.23164	3.313e-05	0.002366	2.854e-05	0.0007009	1.716e-06	0.005806	2.337e-06	1.396e-05	0.001278	3.306e-05	0.000636	5.609e-05	0.0007019	6.438e-06	0.0003498	4.65e-06	7.042e-05	3.63e-06	6.035e-05	3.895e-08	3.005e-06	3.588e-07	1.753e-05	1.281e-05	0.001216	3.374e-06	7.184e-05
0.99562	0.85434	9.1478e+05	0.048883	6.1646e+12	0.99891	0.75488	0.23164	3.313e-05	0.002366	2.854e-05	0.0007009	1.716e-06	0.005806	2.337e-06	1.396e-05	0.001278	3.306e-05	0.000636	5.609e-05	0.0007019	6.438e-06	0.0003498	4.65e-06	7.042e-05	3.63e-06	6.035e-05	3.895e-08	3.005e-06	3.588e-07	1.753e-05	1.281e-05	0.001216	3.374e-06	7.184e-05
0.99599	0.85937	8.7749e+05	0.045897	5.5487e+12	0.99891	0.75488	0.23164	3.313e-05	0.002366	2.854e-05	0.0007009	1.716e-06	0.005806	2.337e-06	1.396e-05	0.001278	3.306e-05	0.000636	5.609e-05	0.0007019	6.438e-06	0.0003498	4.65e-06	7.042e-05	3.63e-06	6.035e-05	3.895e-08	3.005e-06	3.588e-07	1.753e-05	1.281e-05	0.001216	3.374e-06	7.184e-05
0.99634	0.86439	8.4062e+05	0.043002	4.9782e+12	0.99891	0.75488	0.23164	3.313e-05	0.002366	2.854e-05	0.0007009	1.716e-06	0.005806	2.337e-06	1.396e-05	0.001278	3.306e-05	0.000636	5.609e-05	0.0007019	6.438e-06	0.0003498	4.65e-06	7.042e-05	3.63e-06	6.035e-05	3.895e-08	3.005e-06	3.588e-07	1.753e-05	1.281e-05	0.001216	3.374e-06	7.184e-05
0.99668	0.86941	8.0413e+05	0.040199	4.45e+12	0.99891	0.75488	0.23164	3.313e-05	0.002366	2.854e-05	0.0007009	1.716e-06	0.005806	2.337e-06	1.396e-05	0.001278	3.306e-05	0.000636	5.609e-05	0.0007019	6.438e-06	0.0003498	4.65e-06	7.042e-05	3.63e-06	6.035e-05	3.895e-08	3.005e-06	3.588e-07	1.753e-05	1.281e-05	0.001216	3.374e-06	7.184e-05
0.99699	0.87443	7.6807e+05	0.037495	3.9621e+12	0.99891	0.75488	0.23164	3.313e-05	0.002366	2.854e-05	0.0007009	1.716e-06	0.005806	2.337e-06	1.396e-05	0.001278	3.306e-05	0.000636	5.609e-05	0.0007019	6.438e-06	0.0003498	4.65e-06	7.042e-05	3.63e-06	6.035e-05	3.895e-08	3.005e-06	3.588e-07	1.753e-05	1.281e-05	0.001216	3.374e-06	7.184e-05
0.99729	0.87946	7.324e+05	0.034882	3.5127e+12	0.99891	0.75488	0.23164	3.313e-05	0.002366	2.854e-05	0.0007009	1.716e-06	0.005806	2.337e-06	1.396e-05	0.001278	3.306e-05	0.000636	5.609e-05	0.0007019	6.438e-06	0.0003498	4.65e-06	7.042e-05	3.63e-06	6.035e-05	3.895e-08	3.005e-06	3.588e-07	1.753e-05	1.281e-05	0.001216	3.374e-06	7.184e-05
0.99757	0.88448	6.9704e+05	0.03236	3.0996e+12	0.99891	0.75488	0.23164	3.313e-05	0.002366	2.854e-05	0.0007009	1.716e-06	0.005806	2.337e-06	1.396e-05	0.001278	3.306e-05	0.000636	5.609e-05	0.0007019	6.438e-06	0.0003498	4.65e-06	7.042e-05	3.63e-06	6.035e-05	3.895e-08	3.005e-06	3.588e-07	1.753e-05	1.281e-05	0.001216	3.374e-06	7.184e-05
0.99783	0.8895	6.6208e+05	0.029929	2.7208e+12	0.99891	0.75488	0.23164	3.313e-05	0.002366	2.854e-05	0.0007009	1.716e-06	0.005806	2.337e-06	1.396e-05	0.001278	3.306e-05	0.000636	5.609e-05	0.0007019	6.438e-06	0.0003498	4.65e-06	7.042e-05	3.63e-06	6.035e-05	3.895e-08	3.005e-06	3.588e-07	1.753e-05	1.281e-05	0.001216	3.374e-06	7.184e-05
0.99808	0.89453	6.2753e+05	0.027588	2.3763e+12	0.99891	0.75488	0.23164	3.313e-05	0.002366	2.854e-05	0.0007009	1.716e-06	0.005806	2.337e-06	1.396e-05	0.001278	3.306e-05	0.000636	5.609e-05	0.0007019	6.438e-06	0.0003498	4.65e-06	7.042e-05	3.63e-06	6.035e-05	3.895e-08	3.005e-06	3.588e-07	1.753e-05	1.281e-05	0.001216	3.374e-06	7.184e-05
0.99831	0.89955	5.9338e+05	0.025339	2.0611e+12	0.99891	0.75488	0.23164	3.313e-05	0.002366	2.854e-05	0.0007009	1.716e-06	0.005806	2.337e-06	1.396e-05	0.001278	3.306e-05	0.000636	5.609e-05	0.0007019	6.438e-06	0.0003498	4.65e-06	7.042e-05	3.63e-06	6.035e-05	3.895e-08	3.005e-06	3.588e-07	1.753e-05	1.281e-05	0.001216	3.374e-06	7.184e-05
0.99852	0.90457	5.5952e+05	0.02317	1.7762e+12	0.99891	0.75488	0.23164	3.313e-05	0.002366	2.854e-05	0.0007009	1.716e-06	0.005806	2.337e-06	1.396e-05	0.001278	3.306e-05	0.000636	5.609e-05	0.0007019	6.438e-06	0.0003498	4.65e-06	7.042e-05	3.63e-06	6.035e-05	3.895e-08	3.005e-06	3.588e-07	1.753e-05	1.281e-05	0.001216	3.374e-06	7.184e-05
0.99871	0.90959	5.2607e+05	0.021101	1.5194e+12	0.99891	0.75488	0.23164	3.313e-05	0.002366	2.854e-05	0.0007009	1.716e-06	0.005806	2.337e-06	1.396e-05	0.001278	3.306e-05	0.000636	5.609e-05	0.0007019	6.438e-06	0.0003498	4.65e-06	7.042e-05	3.63e-06	6.035e-05	3.895e-08	3.005e-06	3.588e-07	1.753e-05	1.281e-05	0.001216	3.374e-06	7.184e-05
0.99889	0.91462	4.9294e+05	0.019114	1.2879e+12	0.99891	0.75488	0.23164	3.313e-05	0.002366	2.854e-05	0.0007009	1.716e-06	0.005806	2.337e-06	1.396e-05	0.001278	3.306e-05	0.000636	5.609e-05	0.0007019	6.438e-06	0.0003498	4.65e-06	7.042e-05	3.63e-06	6.035e-05	3.895e-08	3.005e-06	3.588e-07	1.753e-05	1.281e-05	0.001216	3.374e-06	7.184e-05
0.99905	0.91964	4.6012e+05	0.01721	1.0815e+12	0.99891	0.75488	0.23164	3.313e-05	0.002366	2.854e-05	0.0007009	1.716e-06	0.005806	2.337e-06	1.396e-05	0.001278	3.306e-05	0.000636	5.609e-05	0.0007019	6.438e-06	0.0003498	4.65e-06	7.042e-05	3.63e-06	6.035e-05	3.895e-08	3.005e-06	3.588e-07	1.753e-05	1.281e-05	0.001216	3.374e-06	7.184e-05
0.9992	0.92466	4.2774e+05	0.015395	8.98e+11	0.99891	0.75488	0.23164	3.313e-05	0.002366	2.854e-05	0.0007009	1.716e-06	0.005806	2.337e-06	1.396e-05	0.001278	3.306e-05	0.000636	5.609e-05	0.0007019	6.438e-06	0.0003498	4.65e-06	7.042e-05	3.63e-06	6.035e-05	3.895e-08	3.005e-06	3.588e-07	1.753e-05	1.281e-05	0.001216	3.374e-06	7.184e-05
0.99934	0.92968	3.9563e+05	0.013668	7.363e+11	0.99891	0.75488	0.23164	3.313e-05	0.002366	2.854e-05	0.0007009	1.716e-06	0.005806	2.337e-06	1.396e-05	0.001278	3.306e-05	0.000636	5.609e-05	0.0007019	6.438e-06	0.0003498	4.65e-06	7.042e-05	3.63e-06	6.035e-05	3.895e-08	3.005e-06	3.588e-07	1.753e-05	1.281e-05	0.001216	3.374e-06	7.184e-05
0.99946	0.93471	3.6388e+05	0.012024	5.948e+11	0.99891	0.75488	0.23164	3.313e-05	0.002366	2.854e-05	0.0007009	1.716e-06	0.005806	2.337e-06	1.396e-05	0.001278	3.306e-05	0.000636	5.609e-05	0.0007019	6.438e-06	0.0003498	4.65e-06	7.042e-05	3.63e-06	6.035e-05	3.895e-08	3.005e-06	3.588e-07	1.753e-05	1.281e-05	0.001216	3.374e-06	7.184e-05
0.99956	0.93973	3.3248e+05	0.010471	4.7228e+11	0.99891	0.75488	0.23164	3.313e-05	0.002366	2.854e-05	0.0007009	1.716e-06	0.005806	2.337e-06	1.396e-05	0.001278	3.306e-05	0.000636	5.609e-05	0.0007019	6.438e-06	0.0003498	4.65e-06	7.042e-05	3.63e-06	6.035e-05	3.895e-08	3.005e-06	3.588e-07	1.753e-05	1.281e-05	0.001216	3.374e-06	7.184e-05
0.99965	0.94475	3.0144e+05	0.0090041	3.6738e+11	0.99891	0.75488	0.23164	3.313e-05	0.002366	2.854e-05	0.0007009	1.716e-06	0.005806	2.337e-06	1.396e-05	0.001278	3.306e-05	0.000636	5.609e-05	0.0007019	6.438e-06	0.0003498	4.65e-06	7.042e-05	3.63e-06	6.035e-05	3.895e-08	3.005e-06	3.588e-07	1.753e-05	1.281e-05	0.001216	3.374e-06	7.184e-05
0.99973	0.94977	2.7076e+05	0.0076272	2.7866e+11	0.99891	0.75488	0.23164	3.313e-05	0.002366	2.854e-05	0.0007009	1.716e-06	0.005806	2.337e-06	1.396e-05	0.001278	3.306e-05	0.000636	5.609e-05	0.0007019	6.438e-06	0.0003498	4.65e-06	7.042e-05	3.63e-06	6.035e-05	3.895e-08	3.005e-06	3.588e-07	1.753e-05	1.281e-05	0.001216	3.374e-06	7.184e-05
0.9998	0.9548	2.4042e+05	0.0063405	2.0499e+11	0.99891	0.75488	0.23164	3.313e-05	0.002366	2.854e-05	0.0007009	1.716e-06	0.005806	2.337e-06	1.396e-05	0.001278	3.306e-05	0.000636	5.609e-05	0.0007019	6.438e-06	0.0003498	4.65e-06	7.042e-05	3.63e-06	6.035e-05	3.895e-08	3.005e-06	3.588e-07	1.753e-05	1.281e-05	0.001216	3.374e-06	7.184e-05
0.99986	0.95982	2.1055e+05	0.0051466	1.4502e+11	0.99891	0.75488	0.23164	3.313e-05	0.002366	2.854e-05	0.0007009	1.716e-06	0.005806	2.337e-06	1.396e-05	0.001278	3.306e-05	0.000636	5.609e-05	0.0007019	6.438e-06	0.0003498	4.65e-06	7.042e-05	3.63e-06	6.035e-05	3.895e-08	3.005e-06	3.588e-07	1.753e-05	1.281e-05	0.001216	3.374e-06	7.184e-05
0.9999	0.96484	1.8122e+05	0.0040472	9.755e+10	0.99891	0.75488	0.23164	3.313e-05	0.002366	2.854e-05	0.0007009	1.716e-06	0.005806	2.337e-06	1.396e-05	0.001278	3.306e-05	0.000636	5.609e-05	0.0007019	6.438e-06	0.0003498	4.65e-06	7.042e-05	3.63e-06	6.035e-05	3.895e-08	3.005e-06	3.588e-07	1.753e-05	1.281e-05	0.001216	3.374e-06	7.184e-05
0.99994	0.96986	1.5266e+05	0.0030478	6.1314e+10	0.99891	0.75488	0.23164	3.313e-05	0.002366	2.854e-05	0.0007009	1.716e-06	0.005806	2.337e-06	1.396e-05	0.001278	3.306e-05	0.000636	5.609e-05	0.0007019	6.438e-06	0.0003498	4.65e-06	7.042e-05	3.63e-06	6.035e-05	3.895e-08	3.005e-06	3.588e-07	1.753e-05	1.281e-05	0.001216	3.374e-06	7.184e-05
0.99996	0.97489	1.2501e+05	0.0021548	3.5043e+10	0.99891	0.75488	0.23164	3.313e-05	0.002366	2.854e-05	0.0007009	1.716e-06	0.005806	2.337e-06	1.396e-05	0.001278	3.306e-05	0.000636	5.609e-05	0.0007019	6.438e-06	0.0003498	4.65e-06	7.042e-05	3.63e-06	6.035e-05	3.895e-08	3.005e-06	3.588e-07	1.753e-05	1.281e-05	0.001216	3.374e-06	7.184e-05
0.99998	0.97991	98221	0.0013857	1.7403e+10	0.99891	0.75488	0.23164	3.313e-05	0.002366	2.854e-05	0.0007009	1.716e-06	0.005806	2.337e-06	1.396e-05	0.001278	3.306e-05	0.000636	5.609e-05	0.0007019	6.438e-06	0.0003498	4.65e-06	7.042e-05	3.63e-06	6.035e-05	3.895e-08	3.005e-06	3.588e-07	1.753e-05	1.281e-05	0.001216	3.374e-06	7.184e-05
0.99999	0.98493	71132	0.0007704	6.8323e+09	0.99891	0.75488	0.23164	3.313e-05	0.002366	2.854e-05	0.0007009	1.716e-06	0.005806	2.337e-06	1.396e-05	0.001278	3.306e-05	0.000636	5.609e-05	0.0007019	6.438e-06	0.0003498	4.65e-06	7.042e-05	3.63e-06	6.035e-05	3.895e-08	3.005e-06	3.588e-07	1.753e-05	1.281e-05	0.001216	3.374e-06	7.184e-05
1	0.98995	44925	0.00030981	1.6437e+09	0.99891	0.75488	0.23164	3.313e-05	0.002366	2.854e-05	0.0007009	1.716e-06	0.005806	2.337e-06	1.396e-05	0.001278	3.306e-05	0.000636	5.609e-05	0.0007019	6.438e-06	0.0003498	4.65e-06	7.042e-05	3.63e-06	6.035e-05	3.895e-08	3.005e-06	3.588e-07	1.753e-05	1.281e-05	0.001216	3.374e-06	7.184e-05
1	0.99498	24896	4.5932e-05	1.1758e+08	0.99891	0.75488	0.23164	3.313e-05	0.002366	2.854e-05	0.0007009	1.716e-06	0.005806	2.337e-06	1.396e-05	0.001278	3.306e-05	0.000636	5.609e-05	0.0007019	6.438e-06	0.0003498	4.65e-06	7.042e-05	3.63e-06	6.035e-05	3.895e-08	3.005e-06	3.588e-07	1.753e-05	1.281e-05	0.001216	3.374e-06	7.184e-05
1	1	5776	1.699e-07	65890	0.99891	0.75488	0.23164	3.313e-05	0.002366	2.854e-05	0.0007009	1.716e-06	0.005806	2.337e-06	1.396e-05	0.001278	3.306e-05	0.000636	5.609e-05	0.0007019	6.438e-06	0.0003498	4.65e-06	7.042e-05	3.63e-06	6.035e-05	3.895e-08	3.005e-06	3.588e-07	1.753e-05	1.281e-05	0.001216	3.374e-06	7.184e-05
