1.0389e-07	0.00051947	1.544e+07	148.9	2.299e+17	0	0.3623	0.62176	9.201e-06	8.3859e-06	1.907e-06	0.004062	8.2749e-08	0.006399	0.00037159	1.64e-05	0.001483	3.6569e-05	0.00070348	6.2028e-05	0.00077628	7.1208e-06	0.00038689	5.1428e-06	7.7888e-05	4.0149e-06	6.6748e-05	4.3089e-08	3.3229e-06	3.9689e-07	1.9389e-05	1.417e-05	0.001344	3.7319e-06	7.9458e-05
1.0794e-07	0.00053969	1.544e+07	148.9	2.299e+17	0	0.3623	0.62176	9.2011e-06	8.3858e-06	1.9069e-06	0.0040619	8.2748e-08	0.0063989	0.00037158	1.6399e-05	0.001483	3.6568e-05	0.00070346	6.2027e-05	0.00077626	7.1206e-06	0.00038688	5.1427e-06	7.7885e-05	4.0148e-06	6.6747e-05	4.3088e-08	3.3228e-06	3.9688e-07	1.9388e-05	1.4169e-05	0.001344	3.7318e-06	7.9456e-05
1.1214e-07	0.0005607	1.544e+07	148.9	2.299e+17	0	0.3623	0.62176	9.2011e-06	8.3858e-06	1.9069e-06	0.0040619	8.2748e-08	0.0063989	0.00037158	1.6399e-05	0.001483	3.6566e-05	0.00070344	6.2025e-05	0.00077624	7.1204e-06	0.00038686	5.1425e-06	7.7883e-05	4.0148e-06	6.6745e-05	4.3086e-08	3.3228e-06	3.9686e-07	1.9388e-05	1.4169e-05	0.001344	3.7316e-06	7.9454e-05
1.1651e-07	0.00058254	1.544e+07	148.9	2.299e+17	0	0.3623	0.62176	9.2012e-06	8.3857e-06	1.9068e-06	0.0040618	8.2747e-08	0.0063988	0.00037157	1.6398e-05	0.001483	3.6565e-05	0.00070342	6.2023e-05	0.00077622	7.1202e-06	0.00038685	5.1423e-06	7.788e-05	4.0147e-06	6.6743e-05	4.3085e-08	3.3227e-06	3.9685e-07	1.9387e-05	1.4168e-05	0.001344	3.7315e-06	7.9452e-05
1.2104e-07	0.00060522	1.544e+07	148.9	2.299e+17	0	0.3623	0.62176	9.2012e-06	8.3856e-06	1.9068e-06	0.0040618	8.2746e-08	0.0063988	0.00037156	1.6398e-05	0.001483	3.6564e-05	0.00070339	6.2022e-05	0.00077619	7.1199e-06	0.00038684	5.1422e-06	7.7877e-05	4.0146e-06	6.6742e-05	4.3084e-08	3.3226e-06	3.9684e-07	1.9386e-05	1.4168e-05	0.001344	3.7314e-06	7.9449e-05
1.2576e-07	0.00062878	1.544e+07	148.9	2.299e+17	0	0.36231	0.62175	9.2013e-06	8.3855e-06	1.9067e-06	0.0040617	8.2745e-08	0.0063987	0.00037155	1.6397e-05	0.001483	3.6562e-05	0.00070337	6.202e-05	0.00077617	7.1197e-06	0.00038682	5.142e-06	7.7875e-05	4.0145e-06	6.674e-05	4.3082e-08	3.3225e-06	3.9682e-07	1.9385e-05	1.4167e-05	0.001344	3.7312e-06	7.9447e-05
1.3065e-07	0.00065326	1.544e+07	148.9	2.299e+17	0	0.36231	0.62175	9.2013e-06	8.3854e-06	1.9067e-06	0.0040617	8.2744e-08	0.0063987	0.00037154	1.6397e-05	0.001483	3.6561e-05	0.00070335	6.2018e-05	0.00077615	7.1195e-06	0.00038681	5.1418e-06	7.7872e-05	4.0144e-06	6.6738e-05	4.3081e-08	3.3224e-06	3.9681e-07	1.9384e-05	1.4167e-05	0.001344	3.7311e-06	7.9445e-05
1.3574e-07	0.0006787	1.544e+07	148.9	2.299e+17	0	0.36231	0.62175	9.2014e-06	8.3853e-06	1.9066e-06	0.0040616	8.2743e-08	0.0063986	0.00037153	1.6396e-05	0.001483	3.6559e-05	0.00070332	6.2016e-05	0.00077612	7.1192e-06	0.00038679	5.1416e-06	7.7869e-05	4.0143e-06	6.6736e-05	4.3079e-08	3.3223e-06	3.9679e-07	1.9383e-05	1.4166e-05	0.001344	3.7309e-06	7.9442e-05
1.4102e-07	0.00070512	1.544e+07	148.9	2.299e+17	0	0.36231	0.62175	9.2014e-06	8.3852e-06	1.9066e-06	0.0040616	8.2742e-08	0.0063986	0.00037152	1.6396e-05	0.001483	3.6558e-05	0.00070329	6.2014e-05	0.00077609	7.1189e-06	0.00038678	5.1414e-06	7.7865e-05	4.0142e-06	6.6734e-05	4.3078e-08	3.3222e-06	3.9678e-07	1.9382e-05	1.4166e-05	0.001344	3.7308e-06	7.9439e-05
1.4651e-07	0.00073257	1.544e+07	148.9	2.299e+17	0	0.36231	0.62175	9.2015e-06	8.3851e-06	1.9065e-06	0.0040615	8.2741e-08	0.0063985	0.00037151	1.6395e-05	0.001483	3.6556e-05	0.00070327	6.2011e-05	0.00077607	7.1187e-06	0.00038676	5.1411e-06	7.7862e-05	4.0141e-06	6.6731e-05	4.3076e-08	3.3221e-06	3.9676e-07	1.9381e-05	1.4165e-05	0.001344	3.7306e-06	7.9437e-05
1.5222e-07	0.0007611	1.544e+07	148.9	2.299e+17	0	0.36231	0.62175	9.2015e-06	8.385e-06	1.9065e-06	0.0040615	8.274e-08	0.0063985	0.0003715	1.6395e-05	0.001483	3.6554e-05	0.00070324	6.2009e-05	0.00077604	7.1184e-06	0.00038674	5.1409e-06	7.7859e-05	4.014e-06	6.6729e-05	4.3074e-08	3.322e-06	3.9674e-07	1.938e-05	1.4165e-05	0.001344	3.7304e-06	7.9434e-05
1.5815e-07	0.00079073	1.544e+07	148.9	2.299e+17	0	0.36231	0.62175	9.2016e-06	8.3848e-06	1.9064e-06	0.0040614	8.2738e-08	0.0063984	0.00037148	1.6394e-05	0.001483	3.6553e-05	0.00070321	6.2007e-05	0.00077601	7.1181e-06	0.00038673	5.1407e-06	7.7855e-05	4.0138e-06	6.6727e-05	4.3073e-08	3.3218e-06	3.9673e-07	1.9378e-05	1.4164e-05	0.001344	3.7303e-06	7.9431e-05
1.643e-07	0.00082151	1.544e+07	148.9	2.299e+17	0	0.36231	0.62175	9.2016e-06	8.3847e-06	1.9064e-06	0.0040614	8.2737e-08	0.0063984	0.00037147	1.6394e-05	0.001483	3.6551e-05	0.00070318	6.2004e-05	0.00077598	7.1178e-06	0.00038671	5.1404e-06	7.7851e-05	4.0137e-06	6.6724e-05	4.3071e-08	3.3217e-06	3.9671e-07	1.9377e-05	1.4164e-05	0.001344	3.7301e-06	7.9428e-05
1.707e-07	0.0008535	1.544e+07	148.9	2.299e+17	0	0.36231	0.62175	9.2017e-06	8.3846e-06	1.9063e-06	0.0040613	8.2736e-08	0.0063983	0.00037146	1.6393e-05	0.001483	3.6549e-05	0.00070315	6.2002e-05	0.00077595	7.1175e-06	0.00038669	5.1402e-06	7.7848e-05	4.0136e-06	6.6722e-05	4.3069e-08	3.3216e-06	3.9669e-07	1.9376e-05	1.4163e-05	0.001344	3.7299e-06	7.9425e-05
1.7735e-07	0.00088673	1.544e+07	148.9	2.299e+17	0	0.36232	0.62174	9.2018e-06	8.3845e-06	1.9062e-06	0.0040612	8.2735e-08	0.0063982	0.00037145	1.6392e-05	0.001483	3.6547e-05	0.00070311	6.1999e-05	0.00077591	7.1171e-06	0.00038667	5.1399e-06	7.7844e-05	4.0135e-06	6.6719e-05	4.3067e-08	3.3215e-06	3.9667e-07	1.9375e-05	1.4162e-05	0.001344	3.7297e-06	7.9421e-05
1.8425e-07	0.00092125	1.544e+07	148.9	2.299e+17	0	0.36232	0.62174	9.2018e-06	8.3843e-06	1.9062e-06	0.0040612	8.2733e-08	0.0063982	0.00037143	1.6392e-05	0.001483	3.6545e-05	0.00070308	6.1996e-05	0.00077588	7.1168e-06	0.00038665	5.1396e-06	7.7839e-05	4.0133e-06	6.6716e-05	4.3065e-08	3.3213e-06	3.9665e-07	1.9373e-05	1.4162e-05	0.001344	3.7295e-06	7.9418e-05
1.9142e-07	0.00095712	1.544e+07	148.9	2.299e+17	0	0.36232	0.62174	9.2019e-06	8.3842e-06	1.9061e-06	0.0040611	8.2732e-08	0.0063981	0.00037142	1.6391e-05	0.001483	3.6543e-05	0.00070304	6.1993e-05	0.00077584	7.1164e-06	0.00038663	5.1393e-06	7.7835e-05	4.0132e-06	6.6713e-05	4.3063e-08	3.3212e-06	3.9663e-07	1.9372e-05	1.4161e-05	0.001344	3.7293e-06	7.9414e-05
1.9888e-07	0.00099439	1.544e+07	148.9	2.299e+17	0	0.36232	0.62174	9.202e-06	8.384e-06	1.906e-06	0.004061	8.273e-08	0.006398	0.0003714	1.639e-05	0.001483	3.654e-05	0.00070301	6.199e-05	0.00077581	7.1161e-06	0.0003866	5.139e-06	7.7831e-05	4.013e-06	6.671e-05	4.306e-08	3.321e-06	3.966e-07	1.937e-05	1.416e-05	0.001344	3.729e-06	7.9411e-05
2.1324e-07	0.0010331	1.544e+07	148.9	2.299e+17	0	0.36232	0.62174	9.2022e-06	8.3841e-06	1.906e-06	0.0040611	8.2731e-08	0.0063981	0.00037139	1.6391e-05	0.001483	3.6541e-05	0.00070302	6.1992e-05	0.00077583	7.1163e-06	0.00038661	5.1392e-06	7.7833e-05	4.0131e-06	6.6712e-05	4.3061e-08	3.3211e-06	3.9661e-07	1.9371e-05	1.4161e-05	0.001344	3.7291e-06	7.9412e-05
2.2933e-07	0.0010733	1.544e+07	148.9	2.299e+17	0	0.36232	0.62174	9.2024e-06	8.3843e-06	1.906e-06	0.0040611	8.2733e-08	0.0063981	0.00037139	1.6391e-05	0.001483	3.6543e-05	0.00070304	6.1994e-05	0.00077586	7.1166e-06	0.00038663	5.1394e-06	7.7836e-05	4.0131e-06	6.6714e-05	4.3063e-08	3.3213e-06	3.9663e-07	1.9371e-05	1.4161e-05	0.001344	3.7293e-06	7.9414e-05
2.4605e-07	0.0011151	1.544e+07	148.9	2.299e+17	0	0.36233	0.62173	9.2027e-06	8.3845e-06	1.906e-06	0.0040612	8.2735e-08	0.0063982	0.00037138	1.6392e-05	0.001483	3.6545e-05	0.00070307	6.1997e-05	0.00077589	7.1169e-06	0.00038665	5.1397e-06	7.7839e-05	4.0132e-06	6.6717e-05	4.3065e-08	3.3215e-06	3.9665e-07	1.9372e-05	1.4162e-05	0.001344	3.7295e-06	7.9417e-05
2.6341e-07	0.0011585	1.544e+07	148.9	2.299e+17	0	0.36233	0.62173	9.203e-06	8.3846e-06	1.906e-06	0.0040613	8.2736e-08	0.0063983	0.00037137	1.6393e-05	0.001483	3.6546e-05	0.0007031	6.2e-05	0.00077593	7.1173e-06	0.00038666	5.14e-06	7.7843e-05	4.0133e-06	6.672e-05	4.3066e-08	3.3216e-06	3.9666e-07	1.9373e-05	1.4163e-05	0.001344	3.7296e-06	7.942e-05
2.8146e-07	0.0012036	1.544e+07	148.9	2.299e+17	0	0.36233	0.62173	9.2032e-06	8.3848e-06	1.906e-06	0.0040614	8.2738e-08	0.0063984	0.00037136	1.6394e-05	0.001483	3.6548e-05	0.00070312	6.2002e-05	0.00077596	7.1176e-06	0.00038668	5.1402e-06	7.7846e-05	4.0134e-06	6.6722e-05	4.3068e-08	3.3218e-06	3.9668e-07	1.9374e-05	1.4164e-05	0.001344	3.7298e-06	7.9422e-05
3.002e-07	0.0012505	1.544e+07	148.9	2.299e+17	0	0.36234	0.62172	9.2035e-06	8.385e-06	1.906e-06	0.0040615	8.274e-08	0.0063985	0.00037135	1.6395e-05	0.001483	3.655e-05	0.00070315	6.2005e-05	0.000776	7.118e-06	0.0003867	5.1405e-06	7.785e-05	4.0135e-06	6.6725e-05	4.307e-08	3.322e-06	3.967e-07	1.9375e-05	1.4165e-05	0.001344	3.73e-06	7.9425e-05
3.1968e-07	0.0012992	1.544e+07	148.9	2.299e+17	0	0.36234	0.62172	9.2038e-06	8.3852e-06	1.906e-06	0.0040616	8.2742e-08	0.0063986	0.00037134	1.6396e-05	0.001483	3.6552e-05	0.00070318	6.2008e-05	0.00077604	7.1184e-06	0.00038672	5.1408e-06	7.7854e-05	4.0136e-06	6.6728e-05	4.3072e-08	3.3222e-06	3.9672e-07	1.9376e-05	1.4166e-05	0.001344	3.7302e-06	7.9428e-05
3.3991e-07	0.0013498	1.544e+07	148.9	2.299e+17	0	0.36234	0.62172	9.2041e-06	8.3854e-06	1.906e-06	0.0040617	8.2744e-08	0.0063987	0.00037133	1.6397e-05	0.001483	3.6554e-05	0.00070321	6.2011e-05	0.00077608	7.1188e-06	0.00038674	5.1411e-06	7.7858e-05	4.0137e-06	6.6731e-05	4.3074e-08	3.3224e-06	3.9674e-07	1.9377e-05	1.4167e-05	0.001344	3.7304e-06	7.9431e-05
3.6093e-07	0.0014023	1.544e+07	148.9	2.299e+17	0	0.36234	0.62172	9.2044e-06	8.3856e-06	1.906e-06	0.0040618	8.2746e-08	0.0063988	0.00037132	1.6398e-05	0.001483	3.6556e-05	0.00070324	6.2014e-05	0.00077612	7.1192e-06	0.00038676	5.1414e-06	7.7862e-05	4.0138e-06	6.6734e-05	4.3076e-08	3.3226e-06	3.9676e-07	1.9378e-05	1.4168e-05	0.001344	3.7306e-06	7.9434e-05
3.8277e-07	0.0014569	1.544e+07	148.9	2.299e+17	0	0.36235	0.62171	9.2047e-06	8.3858e-06	1.906e-06	0.0040619	8.2748e-08	0.0063989	0.00037131	1.6399e-05	0.001483	3.6558e-05	0.00070327	6.2017e-05	0.00077617	7.1197e-06	0.00038678	5.1417e-06	7.7867e-05	4.0139e-06	6.6737e-05	4.3078e-08	3.3228e-06	3.9678e-07	1.9379e-05	1.4169e-05	0.001344	3.7308e-06	7.9437e-05
4.1092e-07	0.0015136	1.544e+07	148.9	2.299e+17	2.7294e-07	0.36235	0.62171	9.2051e-06	8.3861e-06	1.906e-06	0.004062	8.2751e-08	0.0063991	0.0003713	1.64e-05	0.001483	3.6561e-05	0.00070332	6.2021e-05	0.00077622	7.1201e-06	0.00038681	5.1421e-06	7.7872e-05	4.0141e-06	6.6741e-05	4.3081e-08	3.3231e-06	3.9681e-07	1.9381e-05	1.417e-05	0.001344	3.7311e-06	7.9442e-05
4.5806e-07	0.0015726	1.544e+07	148.9	2.299e+17	1.4516e-06	0.36236	0.6217	9.2056e-06	8.3863e-06	1.9061e-06	0.0040621	8.2754e-08	0.0063994	0.00037129	1.6401e-05	0.0014831	3.6564e-05	0.00070339	6.2027e-05	0.00077629	7.1207e-06	0.00038684	5.1426e-06	7.7879e-05	4.0146e-06	6.6747e-05	4.3084e-08	3.3233e-06	3.9684e-07	1.9383e-05	1.4171e-05	0.0013441	3.7314e-06	7.945e-05
5.0705e-07	0.0016338	1.544e+07	148.9	2.299e+17	2.6761e-06	0.36236	0.6217	9.2061e-06	8.3865e-06	1.9063e-06	0.0040623	8.2758e-08	0.0063998	0.00037127	1.6403e-05	0.0014833	3.6568e-05	0.00070346	6.2033e-05	0.00077636	7.1213e-06	0.00038688	5.1431e-06	7.7886e-05	4.0151e-06	6.6753e-05	4.3088e-08	3.3235e-06	3.9688e-07	1.9385e-05	1.4173e-05	0.0013443	3.7318e-06	7.9459e-05
5.5793e-07	0.0016974	1.544e+07	148.9	2.299e+17	3.9484e-06	0.36237	0.62169	9.2066e-06	8.3868e-06	1.9064e-06	0.0040624	8.2762e-08	0.0064002	0.00037126	1.6404e-05	0.0014834	3.6572e-05	0.00070354	6.204e-05	0.00077644	7.122e-06	0.00038692	5.1436e-06	7.7894e-05	4.0156e-06	6.676e-05	4.3092e-08	3.3238e-06	3.9692e-07	1.9388e-05	1.4174e-05	0.0013444	3.7322e-06	7.9468e-05
6.108e-07	0.0017635	1.544e+07	148.9	2.299e+17	5.2701e-06	0.36237	0.62168	9.2071e-06	8.3871e-06	1.9065e-06	0.0040625	8.2766e-08	0.0064006	0.00037125	1.6405e-05	0.0014835	3.6576e-05	0.00070362	6.2046e-05	0.00077652	7.1226e-06	0.00038696	5.1441e-06	7.7902e-05	4.0161e-06	6.6766e-05	4.3096e-08	3.3241e-06	3.9696e-07	1.9391e-05	1.4175e-05	0.0013445	3.7326e-06	7.9477e-05
6.6573e-07	0.0018322	1.544e+07	148.9	2.299e+17	6.6433e-06	0.36238	0.62168	9.2077e-06	8.3873e-06	1.9067e-06	0.0040627	8.277e-08	0.006401	0.00037123	1.6407e-05	0.0014837	3.658e-05	0.0007037	6.2053e-05	0.0007766	7.1233e-06	0.000387	5.1447e-06	7.791e-05	4.0167e-06	6.6773e-05	4.31e-08	3.3243e-06	3.97e-07	1.9393e-05	1.4177e-05	0.0013447	3.733e-06	7.9487e-05
7.228e-07	0.0019035	1.544e+07	148.9	2.299e+17	8.07e-06	0.36238	0.62167	9.2082e-06	8.3876e-06	1.9068e-06	0.0040628	8.2774e-08	0.0064014	0.00037122	1.6408e-05	0.0014838	3.6584e-05	0.00070378	6.206e-05	0.00077668	7.124e-06	0.00038704	5.1452e-06	7.7918e-05	4.0172e-06	6.678e-05	4.3104e-08	3.3246e-06	3.9704e-07	1.9396e-05	1.4178e-05	0.0013448	3.7334e-06	7.9496e-05
7.8209e-07	0.0019776	1.544e+07	148.9	2.299e+17	9.5523e-06	0.36239	0.62166	9.2088e-06	8.3879e-06	1.907e-06	0.004063	8.2779e-08	0.0064019	0.0003712	1.641e-05	0.001484	3.6589e-05	0.00070387	6.2068e-05	0.00077677	7.1248e-06	0.00038709	5.1458e-06	7.7927e-05	4.0178e-06	6.6788e-05	4.3109e-08	3.3249e-06	3.9709e-07	1.9399e-05	1.418e-05	0.001345	3.7339e-06	7.9507e-05
8.983e-07	0.0020546	1.544e+07	148.89	2.299e+17	1e-05	0.3624	0.62165	9.2095e-06	8.3881e-06	1.907e-06	0.0040631	8.2782e-08	0.0064022	0.00037117	1.641e-05	0.001484	3.6591e-05	0.00070393	6.2072e-05	0.00077683	7.1253e-06	0.00038712	5.1462e-06	7.7933e-05	4.0181e-06	6.6793e-05	4.3112e-08	3.3252e-06	3.9711e-07	1.9401e-05	1.4181e-05	0.0013451	3.7341e-06	7.9513e-05
1.0423e-06	0.0021346	1.544e+07	148.87	2.299e+17	1e-05	0.36241	0.62164	9.2103e-06	8.3883e-06	1.907e-06	0.0040633	8.2785e-08	0.0064025	0.00037112	1.641e-05	0.001484	3.6593e-05	0.00070398	6.2075e-05	0.00077688	7.1258e-06	0.00038715	5.1465e-06	7.7938e-05	4.0183e-06	6.6798e-05	4.3115e-08	3.3255e-06	3.9713e-07	1.9403e-05	1.4183e-05	0.0013453	3.7343e-06	7.9518e-05
1.1919e-06	0.0022177	1.544e+07	148.86	2.299e+17	1e-05	0.36242	0.62163	9.2112e-06	8.3884e-06	1.907e-06	0.0040634	8.2789e-08	0.0064029	0.00037107	1.641e-05	0.001484	3.6594e-05	0.00070403	6.2079e-05	0.00077693	7.1263e-06	0.00038719	5.1469e-06	7.7943e-05	4.0184e-06	6.6803e-05	4.3119e-08	3.3259e-06	3.9714e-07	1.9404e-05	1.4184e-05	0.0013454	3.7344e-06	7.9523e-05
1.3473e-06	0.0023041	1.544e+07	148.84	2.299e+17	1e-05	0.36243	0.62162	9.212e-06	8.3886e-06	1.907e-06	0.0040636	8.2792e-08	0.0064032	0.00037102	1.641e-05	0.001484	3.6596e-05	0.00070408	6.2082e-05	0.00077698	7.1268e-06	0.00038722	5.1472e-06	7.7948e-05	4.0186e-06	6.6808e-05	4.3122e-08	3.3262e-06	3.9716e-07	1.9406e-05	1.4186e-05	0.0013456	3.7346e-06	7.9528e-05
1.5088e-06	0.0023938	1.544e+07	148.82	2.299e+17	1e-05	0.36244	0.62161	9.2129e-06	8.3888e-06	1.907e-06	0.0040638	8.2796e-08	0.0064036	0.00037096	1.641e-05	0.001484	3.6598e-05	0.00070414	6.2086e-05	0.00077704	7.1274e-06	0.00038726	5.1476e-06	7.7954e-05	4.0188e-06	6.6814e-05	4.3126e-08	3.3266e-06	3.9718e-07	1.9408e-05	1.4188e-05	0.0013458	3.7348e-06	7.9534e-05
1.6765e-06	0.002487	1.544e+07	148.8	2.299e+17	1e-05	0.36245	0.6216	9.2139e-06	8.389e-06	1.907e-06	0.004064	8.2799e-08	0.0064039	0.00037091	1.641e-05	0.001484	3.66e-05	0.00070419	6.2089e-05	0.00077709	7.1279e-06	0.00038729	5.1479e-06	7.7959e-05	4.019e-06	6.6819e-05	4.3129e-08	3.3269e-06	3.972e-07	1.941e-05	1.419e-05	0.001346	3.735e-06	7.9539e-05
1.9011e-06	0.0025838	1.544e+07	148.8	2.2988e+17	1.1676e-05	0.36246	0.62159	9.2152e-06	8.389e-06	1.907e-06	0.0040642	8.2802e-08	0.0064043	0.00037083	1.641e-05	0.0014842	3.6602e-05	0.00070422	6.2092e-05	0.00077712	7.1282e-06	0.0003873	5.1482e-06	7.7963e-05	4.0192e-06	6.6822e-05	4.3132e-08	3.327e-06	3.9722e-07	1.941e-05	1.419e-05	0.001346	3.7352e-06	7.9542e-05
2.1425e-06	0.0026844	1.544e+07	148.8	2.2986e+17	1.3688e-05	0.36248	0.62157	9.2166e-06	8.389e-06	1.907e-06	0.0040644	8.2804e-08	0.0064047	0.00037075	1.641e-05	0.0014844	3.6604e-05	0.00070424	6.2094e-05	0.00077714	7.1284e-06	0.0003873	5.1484e-06	7.7967e-05	4.0194e-06	6.6824e-05	4.3134e-08	3.327e-06	3.9724e-07	1.941e-05	1.419e-05	0.001346	3.7354e-06	7.9544e-05
2.3934e-06	0.0027889	1.544e+07	148.8	2.2984e+17	1.5778e-05	0.36249	0.62155	9.218e-06	8.389e-06	1.907e-06	0.0040646	8.2806e-08	0.0064052	0.00037067	1.641e-05	0.0014846	3.6606e-05	0.00070426	6.2096e-05	0.00077716	7.1286e-06	0.0003873	5.1486e-06	7.7972e-05	4.0196e-06	6.6826e-05	4.3136e-08	3.327e-06	3.9726e-07	1.941e-05	1.419e-05	0.001346	3.7356e-06	7.9546e-05
2.654e-06	0.0028975	1.544e+07	148.8	2.2982e+17	1.795e-05	0.36251	0.62154	9.2196e-06	8.389e-06	1.907e-06	0.0040648	8.2808e-08	0.0064056	0.00037058	1.641e-05	0.0014848	3.6608e-05	0.00070428	6.2098e-05	0.00077718	7.1288e-06	0.0003873	5.1488e-06	7.7976e-05	4.0198e-06	6.6828e-05	4.3138e-08	3.327e-06	3.9728e-07	1.941e-05	1.419e-05	0.001346	3.7358e-06	7.9548e-05
2.933e-06	0.0030103	1.544e+07	148.8	2.298e+17	2.0412e-05	0.36252	0.62152	9.2211e-06	8.389e-06	1.907e-06	0.004065	8.281e-08	0.006406	0.00037049	1.641e-05	0.001485	3.661e-05	0.0007043	6.21e-05	0.0007772	7.129e-06	0.0003873	5.149e-06	7.798e-05	4.02e-06	6.683e-05	4.314e-08	3.327e-06	3.973e-07	1.941e-05	1.419e-05	0.001346	3.736e-06	7.955e-05
3.308e-06	0.0031275	1.544e+07	148.8	2.298e+17	2.51e-05	0.36254	0.6215	9.2228e-06	8.389e-06	1.907e-06	0.004065	8.2813e-08	0.0064063	0.0003704	1.6413e-05	0.001485	3.661e-05	0.0007043	6.2103e-05	0.00077723	7.1293e-06	0.00038733	5.149e-06	7.798e-05	4.02e-06	6.683e-05	4.314e-08	3.3273e-06	3.973e-07	1.941e-05	1.419e-05	0.001346	3.736e-06	7.9553e-05
3.6977e-06	0.0032493	1.544e+07	148.8	2.298e+17	2.9971e-05	0.36256	0.62148	9.2245e-06	8.389e-06	1.907e-06	0.004065	8.2815e-08	0.0064065	0.0003703	1.6415e-05	0.001485	3.661e-05	0.0007043	6.2105e-05	0.00077725	7.1295e-06	0.00038735	5.149e-06	7.798e-05	4.02e-06	6.683e-05	4.314e-08	3.3275e-06	3.973e-07	1.941e-05	1.419e-05	0.001346	3.736e-06	7.9555e-05
4.1025e-06	0.0033758	1.544e+07	148.8	2.298e+17	3.5031e-05	0.36259	0.62145	9.2263e-06	8.389e-06	1.907e-06	0.004065	8.2818e-08	0.0064068	0.0003702	1.6418e-05	0.001485	3.661e-05	0.0007043	6.2108e-05	0.00077728	7.1298e-06	0.00038738	5.149e-06	7.798e-05	4.02e-06	6.683e-05	4.314e-08	3.3278e-06	3.973e-07	1.941e-05	1.419e-05	0.001346	3.736e-06	7.9558e-05
4.5332e-06	0.0035072	1.544e+07	148.8	2.298e+17	4.0289e-05	0.36261	0.62143	9.2281e-06	8.389e-06	1.907e-06	0.004065	8.282e-08	0.006407	0.00037009	1.642e-05	0.001485	3.661e-05	0.0007043	6.211e-05	0.0007773	7.13e-06	0.0003874	5.149e-06	7.798e-05	4.02e-06	6.683e-05	4.314e-08	3.328e-06	3.973e-07	1.941e-05	1.419e-05	0.001346	3.736e-06	7.956e-05
5.1613e-06	0.0036438	1.5437e+07	148.77	2.2977e+17	4.5751e-05	0.36264	0.6214	9.2306e-06	8.3887e-06	1.907e-06	0.004065	8.282e-08	0.0064073	0.00036993	1.642e-05	0.001485	3.661e-05	0.00070433	6.211e-05	0.0007773	7.13e-06	0.0003874	5.149e-06	7.7983e-05	4.02e-06	6.6833e-05	4.314e-08	3.328e-06	3.9733e-07	1.941e-05	1.419e-05	0.001346	3.736e-06	7.956e-05
5.8139e-06	0.0037856	1.5434e+07	148.74	2.2974e+17	5.1425e-05	0.36267	0.62137	9.2331e-06	8.3884e-06	1.907e-06	0.004065	8.282e-08	0.0064076	0.00036976	1.642e-05	0.001485	3.661e-05	0.00070436	6.211e-05	0.0007773	7.13e-06	0.0003874	5.149e-06	7.7986e-05	4.02e-06	6.6836e-05	4.314e-08	3.328e-06	3.9736e-07	1.941e-05	1.419e-05	0.001346	3.736e-06	7.956e-05
6.4919e-06	0.003933	1.5431e+07	148.71	2.2971e+17	5.7321e-05	0.36271	0.62133	9.2358e-06	8.3881e-06	1.907e-06	0.004065	8.282e-08	0.0064079	0.00036958	1.642e-05	0.001485	3.661e-05	0.00070439	6.211e-05	0.0007773	7.13e-06	0.0003874	5.149e-06	7.7989e-05	4.02e-06	6.6839e-05	4.314e-08	3.328e-06	3.9739e-07	1.941e-05	1.419e-05	0.001346	3.736e-06	7.956e-05
7.2825e-06	0.0040862	1.543e+07	148.7	2.2968e+17	6.3446e-05	0.36274	0.6213	9.2389e-06	8.3878e-06	1.907e-06	0.004065	8.2822e-08	0.0064082	0.0003694	1.642e-05	0.001485	3.661e-05	0.0007044	6.211e-05	0.0007773	7.13e-06	0.0003874	5.149e-06	7.799e-05	4.02e-06	6.684e-05	4.314e-08	3.328e-06	3.974e-07	1.941e-05	1.419e-05	0.001346	3.7362e-06	7.956e-05
8.1734e-06	0.0042452	1.543e+07	148.7	2.2965e+17	6.981e-05	0.36278	0.62126	9.2424e-06	8.3875e-06	1.907e-06	0.004065	8.2825e-08	0.0064085	0.00036921	1.642e-05	0.001485	3.661e-05	0.0007044	6.211e-05	0.0007773	7.13e-06	0.0003874	5.149e-06	7.799e-05	4.02e-06	6.684e-05	4.314e-08	3.328e-06	3.974e-07	1.941e-05	1.419e-05	0.001346	3.7365e-06	7.956e-05
9.099e-06	0.0044105	1.543e+07	148.7	2.2962e+17	7.6421e-05	0.36282	0.62122	9.246e-06	8.3872e-06	1.907e-06	0.004065	8.2828e-08	0.0064088	0.00036901	1.642e-05	0.001485	3.661e-05	0.0007044	6.211e-05	0.0007773	7.13e-06	0.0003874	5.149e-06	7.799e-05	4.02e-06	6.684e-05	4.314e-08	3.328e-06	3.974e-07	1.941e-05	1.419e-05	0.001346	3.7368e-06	7.956e-05
1.0192e-05	0.0045823	1.543e+07	148.68	2.296e+17	8.4935e-05	0.36286	0.62118	9.2498e-06	8.3867e-06	1.9068e-06	0.004065	8.283e-08	0.0064092	0.00036877	1.642e-05	0.001485	3.661e-05	0.0007044	6.211e-05	0.0007773	7.13e-06	0.0003874	5.1492e-06	7.799e-05	4.02e-06	6.684e-05	4.314e-08	3.328e-06	3.974e-07	1.941e-05	1.419e-05	0.001346	3.737e-06	7.956e-05
1.1477e-05	0.0047607	1.543e+07	148.65	2.296e+17	9.564e-05	0.36291	0.62113	9.2537e-06	8.386e-06	1.9065e-06	0.004065	8.283e-08	0.0064095	0.00036848	1.642e-05	0.001485	3.661e-05	0.0007044	6.211e-05	0.0007773	7.13e-06	0.0003874	5.1495e-06	7.799e-05	4.02e-06	6.684e-05	4.314e-08	3.328e-06	3.974e-07	1.941e-05	1.419e-05	0.001346	3.737e-06	7.956e-05
1.2811e-05	0.004946	1.543e+07	148.61	2.296e+17	0.00010676	0.36296	0.62108	9.2578e-06	8.3852e-06	1.9061e-06	0.004065	8.283e-08	0.0064099	0.00036819	1.642e-05	0.001485	3.661e-05	0.0007044	6.211e-05	0.0007773	7.13e-06	0.0003874	5.1499e-06	7.799e-05	4.02e-06	6.684e-05	4.314e-08	3.328e-06	3.974e-07	1.941e-05	1.419e-05	0.001346	3.737e-06	7.956e-05
1.442e-05	0.0051386	1.543e+07	148.6	2.2957e+17	0.00012109	0.36302	0.62102	9.2626e-06	8.3847e-06	1.906e-06	0.004065	8.283e-08	0.0064103	0.00036788	1.642e-05	0.001485	3.661e-05	0.0007044	6.211e-05	0.0007773	7.13e-06	0.0003874	5.15e-06	7.799e-05	4.02e-06	6.684e-05	4.314e-08	3.328e-06	3.974e-07	1.941e-05	1.419e-05	0.001346	3.737e-06	7.956e-05
1.618e-05	0.0053387	1.543e+07	148.6	2.2953e+17	0.00013709	0.36308	0.62096	9.2678e-06	8.3843e-06	1.906e-06	0.004065	8.283e-08	0.0064107	0.00036756	1.642e-05	0.001485	3.661e-05	0.0007044	6.211e-05	0.0007773	7.13e-06	0.0003874	5.15e-06	7.799e-05	4.02e-06	6.684e-05	4.314e-08	3.328e-06	3.974e-07	1.941e-05	1.419e-05	0.001346	3.737e-06	7.956e-05
1.8084e-05	0.0055465	1.543e+07	148.59	2.2949e+17	0.00015372	0.36315	0.62089	9.2733e-06	8.3838e-06	1.906e-06	0.004065	8.283e-08	0.006411	0.00036723	1.642e-05	0.001485	3.661e-05	0.0007044	6.211e-05	0.0007773	7.13e-06	0.0003874	5.15e-06	7.799e-05	4.02e-06	6.684e-05	4.314e-08	3.328e-06	3.974e-07	1.941e-05	1.419e-05	0.001346	3.737e-06	7.956e-05
2.033e-05	0.0057625	1.543e+07	148.55	2.2945e+17	0.000171	0.36322	0.62082	9.2793e-06	8.383e-06	1.906e-06	0.004065	8.283e-08	0.006411	0.00036688	1.642e-05	0.001485	3.661e-05	0.0007044	6.211e-05	0.0007773	7.13e-06	0.0003874	5.15e-06	7.799e-05	4.02e-06	6.684e-05	4.314e-08	3.328e-06	3.974e-07	1.941e-05	1.419e-05	0.001346	3.737e-06	7.956e-05
2.2663e-05	0.0059868	1.543e+07	148.5	2.294e+17	0.00018895	0.3633	0.62074	9.2856e-06	8.3821e-06	1.906e-06	0.004065	8.283e-08	0.006411	0.00036652	1.642e-05	0.001485	3.661e-05	0.0007044	6.211e-05	0.0007773	7.13e-06	0.0003874	5.15e-06	7.799e-05	4.02e-06	6.684e-05	4.314e-08	3.328e-06	3.974e-07	1.941e-05	1.419e-05	0.001346	3.737e-06	7.956e-05
2.5527e-05	0.0062199	1.543e+07	148.5	2.2936e+17	0.00021199	0.36338	0.62066	9.2926e-06	8.3807e-06	1.9056e-06	0.004065	8.2834e-08	0.0064114	0.00036606	1.642e-05	0.001485	3.661e-05	0.0007044	6.211e-05	0.0007773	7.13e-06	0.0003874	5.15e-06	7.799e-05	4.02e-06	6.684e-05	4.314e-08	3.328e-06	3.974e-07	1.941e-05	1.419e-05	0.001346	3.737e-06	7.956e-05
2.853e-05	0.0064621	1.543e+07	148.5	2.2931e+17	0.00023621	0.36347	0.62057	9.2999e-06	8.3792e-06	1.9051e-06	0.004065	8.2839e-08	0.0064119	0.00036558	1.642e-05	0.001485	3.661e-05	0.0007044	6.211e-05	0.0007773	7.13e-06	0.0003874	5.15e-06	7.799e-05	4.02e-06	6.684e-05	4.314e-08	3.328e-06	3.974e-07	1.941e-05	1.419e-05	0.001346	3.737e-06	7.956e-05
3.2077e-05	0.0067137	1.5426e+07	148.46	2.2926e+17	0.00026564	0.36357	0.62047	9.3083e-06	8.3781e-06	1.9046e-06	0.004065	8.284e-08	0.0064124	0.00036507	1.642e-05	0.001485	3.661e-05	0.0007044	6.211e-05	0.0007773	7.13e-06	0.0003874	5.1496e-06	7.799e-05	4.02e-06	6.684e-05	4.314e-08	3.328e-06	3.974e-07	1.941e-05	1.419e-05	0.001346	3.737e-06	7.956e-05
3.5841e-05	0.0069751	1.542e+07	148.4	2.292e+17	0.00029701	0.36367	0.62037	9.3172e-06	8.3771e-06	1.904e-06	0.004065	8.284e-08	0.006413	0.00036455	1.642e-05	0.001485	3.661e-05	0.0007044	6.211e-05	0.0007773	7.13e-06	0.0003874	5.149e-06	7.799e-05	4.02e-06	6.684e-05	4.314e-08	3.328e-06	3.974e-07	1.941e-05	1.419e-05	0.001346	3.737e-06	7.956e-05
4.0294e-05	0.0072466	1.542e+07	148.35	2.2915e+17	0.00033453	0.36378	0.62026	9.3269e-06	8.3755e-06	1.904e-06	0.004065	8.284e-08	0.0064135	0.00036396	1.642e-05	0.001485	3.661e-05	0.0007044	6.211e-05	0.0007773	7.13e-06	0.0003874	5.149e-06	7.799e-05	4.02e-06	6.684e-05	4.314e-08	3.328e-06	3.974e-07	1.941e-05	1.419e-05	0.001346	3.737e-06	7.956e-05
4.5047e-05	0.0075288	1.542e+07	148.29	2.2909e+17	0.0003746	0.36389	0.62014	9.3371e-06	8.3739e-06	1.9039e-06	0.004065	8.284e-08	0.0064141	0.00036333	1.642e-05	0.001485	3.661e-05	0.0007044	6.211e-05	0.0007773	7.13e-06	0.0003874	5.149e-06	7.799e-05	4.02e-06	6.684e-05	4.314e-08	3.328e-06	3.974e-07	1.941e-05	1.419e-05	0.001346	3.7369e-06	7.956e-05
5.0616e-05	0.0078219	1.542e+07	148.24	2.2904e+17	0.0004215	0.36403	0.62001	9.3482e-06	8.3727e-06	1.9034e-06	0.004065	8.284e-08	0.0064153	0.00036263	1.642e-05	0.001485	3.661e-05	0.0007044	6.211e-05	0.0007773	7.13e-06	0.0003874	5.149e-06	7.799e-05	4.02e-06	6.684e-05	4.314e-08	3.328e-06	3.974e-07	1.941e-05	1.419e-05	0.001346	3.7364e-06	7.956e-05
5.6706e-05	0.0081264	1.542e+07	148.17	2.2897e+17	0.00047276	0.36417	0.61987	9.3601e-06	8.3712e-06	1.903e-06	0.004065	8.284e-08	0.0064163	0.00036187	1.642e-05	0.001485	3.661e-05	0.0007044	6.211e-05	0.0007773	7.13e-06	0.0003874	5.149e-06	7.7987e-05	4.02e-06	6.684e-05	4.314e-08	3.328e-06	3.974e-07	1.941e-05	1.419e-05	0.001346	3.736e-06	7.956e-05
6.3477e-05	0.0084428	1.542e+07	148.11	2.2891e+17	0.00052971	0.36432	0.61972	9.3727e-06	8.3693e-06	1.903e-06	0.004065	8.284e-08	0.0064169	0.00036105	1.642e-05	0.001485	3.661e-05	0.0007044	6.211e-05	0.0007773	7.13e-06	0.0003874	5.149e-06	7.7981e-05	4.02e-06	6.684e-05	4.314e-08	3.328e-06	3.974e-07	1.941e-05	1.419e-05	0.001346	3.736e-06	7.956e-05
7.1272e-05	0.0087716	1.5415e+07	148.05	2.2879e+17	0.00059974	0.36449	0.61955	9.3864e-06	8.3668e-06	1.9025e-06	0.004065	8.284e-08	0.0064175	0.00036019	1.642e-05	0.001485	3.661e-05	0.0007044	6.211e-05	0.0007773	7.13e-06	0.0003874	5.149e-06	7.798e-05	4.02e-06	6.684e-05	4.314e-08	3.328e-06	3.974e-07	1.941e-05	1.419e-05	0.001346	3.736e-06	7.956e-05
7.9853e-05	0.0091131	1.541e+07	147.98	2.2868e+17	0.00067488	0.36466	0.61938	9.4012e-06	8.3643e-06	1.9018e-06	0.004065	8.2842e-08	0.0064182	0.00035928	1.642e-05	0.001485	3.661e-05	0.0007044	6.211e-05	0.0007773	7.13e-06	0.0003874	5.149e-06	7.798e-05	4.02e-06	6.6838e-05	4.314e-08	3.328e-06	3.9738e-07	1.941e-05	1.419e-05	0.001346	3.736e-06	7.956e-05
8.9433e-05	0.0094679	1.541e+07	147.91	2.2861e+17	0.00075293	0.36485	0.61919	9.4175e-06	8.3622e-06	1.9011e-06	0.004065	8.2849e-08	0.0064189	0.00035829	1.642e-05	0.001485	3.661e-05	0.0007044	6.211e-05	0.0007773	7.13e-06	0.0003874	5.149e-06	7.798e-05	4.02e-06	6.6831e-05	4.314e-08	3.328e-06	3.9731e-07	1.941e-05	1.419e-05	0.001346	3.736e-06	7.956e-05
0.00010033	0.0098365	1.541e+07	147.83	2.2853e+17	0.00084749	0.36506	0.61898	9.4352e-06	8.36e-06	1.9003e-06	0.004065	8.285e-08	0.0064203	0.00035726	1.642e-05	0.001485	3.661e-05	0.0007044	6.211e-05	0.0007773	7.13e-06	0.0003874	5.149e-06	7.798e-05	4.02e-06	6.683e-05	4.314e-08	3.328e-06	3.973e-07	1.941e-05	1.419e-05	0.001346	3.736e-06	7.956e-05
0.00011249	0.010219	1.5406e+07	147.76	2.2841e+17	0.00094707	0.36528	0.61876	9.454e-06	8.3572e-06	1.8996e-06	0.004065	8.285e-08	0.0064214	0.0003561	1.642e-05	0.001485	3.661e-05	0.00070436	6.211e-05	0.0007773	7.13e-06	0.0003874	5.149e-06	7.798e-05	4.02e-06	6.683e-05	4.314e-08	3.328e-06	3.973e-07	1.941e-05	1.419e-05	0.001346	3.736e-06	7.956e-05
0.00012607	0.010617	1.54e+07	147.68	2.2825e+17	0.0010576	0.36552	0.61852	9.4743e-06	8.3541e-06	1.899e-06	0.004065	8.285e-08	0.0064225	0.00035482	1.642e-05	0.001485	3.661e-05	0.0007043	6.211e-05	0.0007773	7.13e-06	0.0003874	5.149e-06	7.798e-05	4.02e-06	6.683e-05	4.314e-08	3.328e-06	3.973e-07	1.941e-05	1.419e-05	0.001346	3.736e-06	7.956e-05
0.00014122	0.011031	1.54e+07	147.59	2.2809e+17	0.0011898	0.36578	0.61827	9.4967e-06	8.3508e-06	1.8989e-06	0.004065	8.2851e-08	0.0064241	0.0003535	1.642e-05	0.001485	3.661e-05	0.0007043	6.211e-05	0.0007773	7.13e-06	0.0003874	5.149e-06	7.798e-05	4.02e-06	6.683e-05	4.314e-08	3.328e-06	3.973e-07	1.941e-05	1.419e-05	0.001346	3.736e-06	7.956e-05
0.00015823	0.01146	1.54e+07	147.51	2.2801e+17	0.0013273	0.36605	0.61799	9.5208e-06	8.3473e-06	1.8981e-06	0.004065	8.2859e-08	0.0064249	0.00035213	1.642e-05	0.001485	3.661e-05	0.0007043	6.211e-05	0.0007773	7.13e-06	0.0003874	5.149e-06	7.798e-05	4.02e-06	6.683e-05	4.314e-08	3.328e-06	3.973e-07	1.941e-05	1.419e-05	0.001346	3.736e-06	7.956e-05
0.00017744	0.011906	1.5392e+07	147.34	2.2784e+17	0.0014863	0.36636	0.61768	9.5466e-06	8.3437e-06	1.8972e-06	0.004065	8.286e-08	0.0064266	0.00035054	1.642e-05	0.001485	3.661e-05	0.0007043	6.211e-05	0.0007773	7.13e-06	0.0003874	5.149e-06	7.798e-05	4.02e-06	6.683e-05	4.314e-08	3.3272e-06	3.973e-07	1.941e-05	1.419e-05	0.001346	3.736e-06	7.9552e-05
0.00019896	0.01237	1.539e+07	147.23	2.2765e+17	0.001668	0.36668	0.61736	9.5742e-06	8.3393e-06	1.8963e-06	0.004065	8.286e-08	0.0064277	0.00034894	1.642e-05	0.001485	3.661e-05	0.0007043	6.211e-05	0.0007773	7.13e-06	0.0003874	5.149e-06	7.798e-05	4.02e-06	6.683e-05	4.314e-08	3.327e-06	3.973e-07	1.941e-05	1.419e-05	0.001346	3.736e-06	7.955e-05
0.00022296	0.012852	1.5383e+07	147.13	2.2746e+17	0.0018677	0.36703	0.61702	9.6045e-06	8.3352e-06	1.8953e-06	0.004065	8.286e-08	0.0064294	0.00034716	1.642e-05	0.001485	3.661e-05	0.0007043	6.211e-05	0.00077723	7.13e-06	0.00038733	5.149e-06	7.798e-05	4.02e-06	6.683e-05	4.314e-08	3.327e-06	3.973e-07	1.941e-05	1.419e-05	0.001346	3.736e-06	7.955e-05
0.00024986	0.013352	1.538e+07	146.96	2.2726e+17	0.0020919	0.36741	0.61664	9.6365e-06	8.3305e-06	1.8943e-06	0.004065	8.2867e-08	0.0064314	0.00034526	1.642e-05	0.001485	3.661e-05	0.0007043	6.211e-05	0.0007772	7.13e-06	0.0003873	5.149e-06	7.798e-05	4.02e-06	6.683e-05	4.314e-08	3.327e-06	3.973e-07	1.941e-05	1.419e-05	0.001346	3.736e-06	7.955e-05
0.00028001	0.013872	1.538e+07	146.83	2.2705e+17	0.0023459	0.36781	0.61623	9.672e-06	8.3253e-06	1.8925e-06	0.0040643	8.287e-08	0.0064335	0.00034321	1.642e-05	0.001485	3.661e-05	0.0007043	6.211e-05	0.0007772	7.1293e-06	0.0003873	5.149e-06	7.798e-05	4.02e-06	6.683e-05	4.314e-08	3.327e-06	3.973e-07	1.941e-05	1.419e-05	0.001346	3.736e-06	7.955e-05
0.00031372	0.014412	1.5372e+07	146.64	2.2684e+17	0.0026242	0.36825	0.61579	9.7098e-06	8.3199e-06	1.8912e-06	0.004064	8.287e-08	0.0064356	0.00034105	1.642e-05	0.001485	3.661e-05	0.0007043	6.211e-05	0.0007772	7.129e-06	0.0003873	5.149e-06	7.798e-05	4.02e-06	6.683e-05	4.314e-08	3.327e-06	3.973e-07	1.941e-05	1.419e-05	0.001346	3.736e-06	7.955e-05
0.00035147	0.014973	1.537e+07	146.51	2.2661e+17	0.0029444	0.36872	0.61532	9.751e-06	8.3143e-06	1.8901e-06	0.004064	8.287e-08	0.0064369	0.00033871	1.642e-05	0.001485	3.661e-05	0.0007043	6.2101e-05	0.0007772	7.129e-06	0.0003873	5.149e-06	7.798e-05	4.02e-06	6.683e-05	4.314e-08	3.327e-06	3.973e-07	1.941e-05	1.419e-05	0.001346	3.736e-06	7.955e-05
0.00039383	0.015556	1.536e+07	146.29	2.2638e+17	0.0032958	0.36923	0.61482	9.7955e-06	8.3074e-06	1.8889e-06	0.004064	8.288e-08	0.0064393	0.00033615	1.642e-05	0.001485	3.661e-05	0.0007043	6.21e-05	0.0007772	7.129e-06	0.0003873	5.149e-06	7.797e-05	4.02e-06	6.683e-05	4.3139e-08	3.327e-06	3.973e-07	1.941e-05	1.419e-05	0.001346	3.736e-06	7.955e-05
0.00044146	0.016162	1.5357e+07	146.14	2.261e+17	0.0036899	0.36977	0.61427	9.8439e-06	8.3011e-06	1.8874e-06	0.004064	8.288e-08	0.0064426	0.00033346	1.642e-05	0.001485	3.661e-05	0.0007043	6.21e-05	0.0007772	7.129e-06	0.0003873	5.149e-06	7.797e-05	4.02e-06	6.6827e-05	4.313e-08	3.327e-06	3.973e-07	1.941e-05	1.419e-05	0.001346	3.736e-06	7.955e-05
0.00049457	0.016791	1.535e+07	145.88	2.2578e+17	0.0041295	0.37036	0.61368	9.8954e-06	8.2935e-06	1.8854e-06	0.004064	8.2886e-08	0.0064452	0.00033056	1.642e-05	0.001485	3.661e-05	0.00070424	6.21e-05	0.0007772	7.129e-06	0.0003873	5.1484e-06	7.797e-05	4.02e-06	6.682e-05	4.313e-08	3.327e-06	3.973e-07	1.941e-05	1.419e-05	0.001346	3.736e-06	7.9544e-05
0.00055389	0.017445	1.5341e+07	145.62	2.2543e+17	0.0046268	0.371	0.61304	9.9521e-06	8.2857e-06	1.8841e-06	0.004064	8.289e-08	0.0064478	0.00032755	1.6411e-05	0.001485	3.661e-05	0.0007042	6.21e-05	0.0007772	7.129e-06	0.0003873	5.148e-06	7.797e-05	4.02e-06	6.682e-05	4.313e-08	3.327e-06	3.973e-07	1.941e-05	1.419e-05	0.001346	3.736e-06	7.954e-05
0.00062058	0.018124	1.5338e+07	145.35	2.2513e+17	0.0051765	0.37169	0.61236	1.0012e-05	8.2773e-06	1.8818e-06	0.0040638	8.29e-08	0.0064505	0.00032421	1.641e-05	0.001485	3.661e-05	0.0007042	6.21e-05	0.0007771	7.129e-06	0.0003873	5.148e-06	7.797e-05	4.019e-06	6.682e-05	4.313e-08	3.327e-06	3.973e-07	1.941e-05	1.419e-05	0.001346	3.736e-06	7.954e-05
0.00069525	0.018829	1.5323e+07	145.07	2.247e+17	0.00579	0.37242	0.61162	1.0083e-05	8.268e-06	1.8797e-06	0.004063	8.29e-08	0.006454	0.00032075	1.641e-05	0.001485	3.6603e-05	0.0007042	6.21e-05	0.0007771	7.1283e-06	0.0003873	5.148e-06	7.797e-05	4.019e-06	6.682e-05	4.313e-08	3.327e-06	3.973e-07	1.941e-05	1.419e-05	0.001346	3.736e-06	7.954e-05
0.00077843	0.019563	1.5319e+07	144.77	2.2436e+17	0.0064814	0.37321	0.61083	1.0146e-05	8.2581e-06	1.8777e-06	0.004063	8.291e-08	0.0064573	0.00031697	1.641e-05	0.001485	3.66e-05	0.0007042	6.21e-05	0.0007771	7.128e-06	0.0003873	5.148e-06	7.7969e-05	4.019e-06	6.682e-05	4.313e-08	3.327e-06	3.9729e-07	1.941e-05	1.419e-05	0.001346	3.7359e-06	7.954e-05
0.00087199	0.020324	1.5304e+07	144.47	2.2391e+17	0.0072472	0.37407	0.60998	1.0229e-05	8.2475e-06	1.8754e-06	0.004063	8.2916e-08	0.0064609	0.00031295	1.641e-05	0.001485	3.66e-05	0.0007042	6.2094e-05	0.0007771	7.128e-06	0.0003873	5.148e-06	7.796e-05	4.019e-06	6.682e-05	4.313e-08	3.327e-06	3.972e-07	1.941e-05	1.419e-05	0.001346	3.735e-06	7.954e-05
0.00097642	0.021116	1.5298e+07	144.15	2.2343e+17	0.0081018	0.37499	0.60906	1.0312e-05	8.2362e-06	1.8725e-06	0.004063	8.2922e-08	0.0064647	0.00030868	1.641e-05	0.0014848	3.66e-05	0.00070418	6.209e-05	0.0007771	7.128e-06	0.0003873	5.148e-06	7.796e-05	4.019e-06	6.6818e-05	4.313e-08	3.327e-06	3.972e-07	1.941e-05	1.419e-05	0.001346	3.735e-06	7.953e-05
0.0010932	0.021938	1.5281e+07	143.82	2.2294e+17	0.0090652	0.37598	0.60807	1.0403e-05	8.2239e-06	1.8692e-06	0.004063	8.293e-08	0.0064688	0.00030415	1.641e-05	0.001484	3.66e-05	0.0007041	6.209e-05	0.00077701	7.128e-06	0.00038721	5.148e-06	7.796e-05	4.019e-06	6.681e-05	4.313e-08	3.327e-06	3.972e-07	1.941e-05	1.4181e-05	0.001346	3.735e-06	7.953e-05
0.0012241	0.022792	1.5274e+07	143.42	2.2237e+17	0.010134	0.37704	0.60701	1.0505e-05	8.2103e-06	1.8668e-06	0.004062	8.2936e-08	0.0064732	0.00029937	1.641e-05	0.001484	3.66e-05	0.0007041	6.209e-05	0.000777	7.1274e-06	0.0003872	5.1474e-06	7.796e-05	4.019e-06	6.681e-05	4.3124e-08	3.326e-06	3.972e-07	1.9404e-05	1.418e-05	0.001346	3.735e-06	7.953e-05
0.0013702	0.023679	1.526e+07	142.99	2.2179e+17	0.011327	0.37819	0.60586	1.0612e-05	8.1961e-06	1.8633e-06	0.004062	8.2944e-08	0.0064781	0.00029426	1.641e-05	0.001484	3.66e-05	0.0007041	6.209e-05	0.000777	7.127e-06	0.0003872	5.147e-06	7.795e-05	4.019e-06	6.681e-05	4.312e-08	3.326e-06	3.972e-07	1.94e-05	1.418e-05	0.001346	3.735e-06	7.953e-05
0.0015334	0.024601	1.5248e+07	142.56	2.2114e+17	0.012654	0.37942	0.60463	1.0724e-05	8.1804e-06	1.8596e-06	0.004062	8.296e-08	0.0064826	0.00028889	1.641e-05	0.001484	3.66e-05	0.00070408	6.208e-05	0.00077698	7.127e-06	0.0003872	5.147e-06	7.795e-05	4.0188e-06	6.6808e-05	4.312e-08	3.326e-06	3.972e-07	1.94e-05	1.418e-05	0.001346	3.735e-06	7.952e-05
0.001716	0.025559	1.5229e+07	142.06	2.2046e+17	0.014136	0.38074	0.60331	1.0848e-05	8.1639e-06	1.8558e-06	0.0040619	8.297e-08	0.0064882	0.00028315	1.641e-05	0.001484	3.66e-05	0.000704	6.208e-05	0.0007769	7.127e-06	0.0003872	5.147e-06	7.795e-05	4.018e-06	6.68e-05	4.312e-08	3.326e-06	3.972e-07	1.94e-05	1.418e-05	0.001345	3.735e-06	7.952e-05
0.0019202	0.026554	1.5219e+07	141.57	2.1977e+17	0.015784	0.38216	0.60189	1.0988e-05	8.146e-06	1.8518e-06	0.004061	8.298e-08	0.0064933	0.00027716	1.641e-05	0.001484	3.659e-05	0.000704	6.208e-05	0.0007769	7.126e-06	0.0003872	5.147e-06	7.794e-05	4.018e-06	6.68e-05	4.312e-08	3.326e-06	3.971e-07	1.94e-05	1.418e-05	0.001345	3.734e-06	7.9519e-05
0.0021482	0.027588	1.5198e+07	140.96	2.1903e+17	0.017624	0.38369	0.60037	1.1132e-05	8.1274e-06	1.8476e-06	0.004061	8.2992e-08	0.0064994	0.00027075	1.641e-05	0.001484	3.659e-05	0.00070398	6.2078e-05	0.00077688	7.126e-06	0.00038718	5.146e-06	7.794e-05	4.018e-06	6.68e-05	4.312e-08	3.326e-06	3.971e-07	1.94e-05	1.418e-05	0.001345	3.734e-06	7.951e-05
0.0024029	0.028662	1.5177e+07	140.4	2.1817e+17	0.019671	0.38533	0.59873	1.1296e-05	8.1068e-06	1.8434e-06	0.004061	8.3003e-08	0.006505	0.00026406	1.6407e-05	0.001484	3.659e-05	0.0007039	6.207e-05	0.0007768	7.126e-06	0.0003871	5.146e-06	7.7937e-05	4.018e-06	6.679e-05	4.311e-08	3.3257e-06	3.971e-07	1.94e-05	1.418e-05	0.001345	3.734e-06	7.951e-05
0.0026875	0.029778	1.516e+07	139.79	2.1728e+17	0.021944	0.38708	0.59697	1.1464e-05	8.0844e-06	1.8383e-06	0.00406	8.302e-08	0.0065117	0.00025702	1.64e-05	0.001484	3.659e-05	0.0007039	6.207e-05	0.0007768	7.125e-06	0.0003871	5.146e-06	7.793e-05	4.0174e-06	6.679e-05	4.311e-08	3.325e-06	3.971e-07	1.94e-05	1.418e-05	0.001345	3.734e-06	7.95e-05
0.0030046	0.030937	1.5141e+07	139.14	2.1635e+17	0.02447	0.38898	0.59508	1.166e-05	8.0613e-06	1.8333e-06	0.00406	8.3039e-08	0.0065176	0.0002496	1.64e-05	0.001484	3.659e-05	0.0007038	6.2061e-05	0.0007767	7.125e-06	0.0003871	5.1451e-06	7.793e-05	4.017e-06	6.6781e-05	4.311e-08	3.325e-06	3.971e-07	1.94e-05	1.418e-05	0.001345	3.734e-06	7.95e-05
0.0033588	0.032142	1.5117e+07	138.41	2.1529e+17	0.027273	0.39099	0.59307	1.1866e-05	8.0359e-06	1.8271e-06	0.0040597	8.3053e-08	0.0065249	0.00024189	1.64e-05	0.0014837	3.658e-05	0.0007038	6.206e-05	0.00077667	7.124e-06	0.00038707	5.145e-06	7.792e-05	4.017e-06	6.678e-05	4.3107e-08	3.325e-06	3.97e-07	1.94e-05	1.418e-05	0.001345	3.733e-06	7.949e-05
0.0037537	0.033393	1.5092e+07	137.66	2.1421e+17	0.030387	0.39316	0.5909	1.2091e-05	8.0093e-06	1.8214e-06	0.004059	8.3068e-08	0.0065316	0.00023388	1.64e-05	0.001483	3.658e-05	0.00070372	6.206e-05	0.0007766	7.124e-06	0.000387	5.145e-06	7.7912e-05	4.017e-06	6.678e-05	4.31e-08	3.325e-06	3.97e-07	1.9392e-05	1.418e-05	0.001345	3.733e-06	7.949e-05
0.0041946	0.034693	1.5066e+07	136.78	2.1305e+17	0.033844	0.39548	0.58858	1.2335e-05	7.9797e-06	1.8142e-06	0.004059	8.3094e-08	0.0065392	0.00022546	1.64e-05	0.001483	3.658e-05	0.0007037	6.205e-05	0.00077656	7.123e-06	0.000387	5.144e-06	7.791e-05	4.016e-06	6.677e-05	4.31e-08	3.324e-06	3.97e-07	1.939e-05	1.418e-05	0.001345	3.733e-06	7.948e-05
0.0046851	0.036044	1.5039e+07	135.96	2.1186e+17	0.03767	0.39797	0.5861	1.26e-05	7.9489e-06	1.8077e-06	0.004058	8.3111e-08	0.0065463	0.00021682	1.6399e-05	0.001483	3.657e-05	0.0007036	6.2049e-05	0.00077649	7.1229e-06	0.00038699	5.144e-06	7.79e-05	4.016e-06	6.676e-05	4.309e-08	3.324e-06	3.969e-07	1.939e-05	1.417e-05	0.001345	3.732e-06	7.947e-05
0.0052316	0.037448	1.5001e+07	135.03	2.1045e+17	0.041898	0.40063	0.58344	1.289e-05	7.9153e-06	1.8002e-06	0.004058	8.3139e-08	0.0065547	0.00020784	1.639e-05	0.001483	3.657e-05	0.00070351	6.204e-05	0.0007764	7.122e-06	0.0003869	5.143e-06	7.7891e-05	4.016e-06	6.676e-05	4.309e-08	3.324e-06	3.969e-07	1.939e-05	1.417e-05	0.001345	3.732e-06	7.947e-05
0.0058409	0.038906	1.4972e+07	133.98	2.0909e+17	0.046579	0.40347	0.5806	1.3209e-05	7.8795e-06	1.7916e-06	0.004057	8.3158e-08	0.0065624	0.00019859	1.639e-05	0.001483	3.657e-05	0.0007035	6.203e-05	0.0007763	7.121e-06	0.0003869	5.143e-06	7.7882e-05	4.015e-06	6.675e-05	4.309e-08	3.3232e-06	3.9682e-07	1.939e-05	1.417e-05	0.001344	3.732e-06	7.946e-05
0.0065175	0.04042	1.4933e+07	132.95	2.0758e+17	0.051741	0.4065	0.57757	1.3561e-05	7.8419e-06	1.7833e-06	0.0040562	8.3188e-08	0.0065705	0.00018909	1.639e-05	0.001482	3.656e-05	0.0007034	6.203e-05	0.0007762	7.12e-06	0.0003868	5.142e-06	7.788e-05	4.015e-06	6.674e-05	4.308e-08	3.323e-06	3.968e-07	1.939e-05	1.417e-05	0.001344	3.731e-06	7.945e-05
0.0072715	0.041994	1.49e+07	131.8	2.0591e+17	0.057438	0.40974	0.57434	1.3939e-05	7.8012e-06	1.774e-06	0.004056	8.322e-08	0.006578	0.00017934	1.639e-05	0.001482	3.656e-05	0.0007033	6.202e-05	0.0007761	7.119e-06	0.0003868	5.142e-06	7.787e-05	4.014e-06	6.673e-05	4.308e-08	3.323e-06	3.968e-07	1.938e-05	1.417e-05	0.001344	3.731e-06	7.944e-05
0.0081093	0.043629	1.4857e+07	130.62	2.0425e+17	0.063724	0.41319	0.57089	1.4354e-05	7.7574e-06	1.7642e-06	0.004055	8.3243e-08	0.0065865	0.00016943	1.638e-05	0.001482	3.655e-05	0.0007032	6.201e-05	0.000776	7.118e-06	0.0003867	5.141e-06	7.7857e-05	4.0137e-06	6.6727e-05	4.307e-08	3.322e-06	3.967e-07	1.938e-05	1.417e-05	0.001344	3.73e-06	7.9427e-05
0.0090406	0.045328	1.4813e+07	129.4	2.0241e+17	0.070634	0.41686	0.56722	1.4805e-05	7.7108e-06	1.753e-06	0.0040543	8.3277e-08	0.006595	0.0001594	1.638e-05	0.001482	3.655e-05	0.0007031	6.2e-05	0.0007759	7.1173e-06	0.0003867	5.14e-06	7.7843e-05	4.013e-06	6.6713e-05	4.306e-08	3.322e-06	3.9663e-07	1.938e-05	1.416e-05	0.001344	3.73e-06	7.9413e-05
0.010073	0.047093	1.4768e+07	128.04	2.0049e+17	0.078221	0.42077	0.56331	1.5306e-05	7.6604e-06	1.7423e-06	0.0040538	8.3312e-08	0.0066026	0.00014928	1.637e-05	0.001481	3.654e-05	0.000703	6.199e-05	0.00077578	7.116e-06	0.0003866	5.139e-06	7.783e-05	4.012e-06	6.67e-05	4.3058e-08	3.321e-06	3.966e-07	1.937e-05	1.416e-05	0.001343	3.729e-06	7.94e-05
0.011219	0.048926	1.4721e+07	126.66	1.9839e+17	0.086549	0.42492	0.55917	1.5848e-05	7.6081e-06	1.7304e-06	0.004053	8.3349e-08	0.0066107	0.0001391	1.637e-05	0.001481	3.6531e-05	0.00070281	6.198e-05	0.00077561	7.115e-06	0.00038651	5.1381e-06	7.782e-05	4.012e-06	6.6691e-05	4.305e-08	3.3201e-06	3.965e-07	1.937e-05	1.416e-05	0.001343	3.7281e-06	7.939e-05
0.012492	0.050831	1.4667e+07	125.24	1.962e+17	0.095672	0.42933	0.55476	1.6453e-05	7.5511e-06	1.717e-06	0.004052	8.3387e-08	0.0066183	0.00012898	1.637e-05	0.001481	3.653e-05	0.0007027	6.197e-05	0.0007755	7.1133e-06	0.0003865	5.137e-06	7.78e-05	4.011e-06	6.668e-05	4.304e-08	3.32e-06	3.964e-07	1.937e-05	1.416e-05	0.001343	3.728e-06	7.937e-05
0.013901	0.05281	1.4614e+07	123.65	1.9393e+17	0.10564	0.43401	0.55008	1.7115e-05	7.4911e-06	1.7035e-06	0.004051	8.3436e-08	0.0066262	0.00011895	1.636e-05	0.00148	3.652e-05	0.0007026	6.1954e-05	0.00077534	7.112e-06	0.0003864	5.136e-06	7.7784e-05	4.01e-06	6.6664e-05	4.303e-08	3.319e-06	3.9634e-07	1.936e-05	1.415e-05	0.001343	3.727e-06	7.9354e-05
0.01546	0.054866	1.4553e+07	122.01	1.9146e+17	0.11651	0.43896	0.54514	1.7839e-05	7.4273e-06	1.6891e-06	0.00405	8.3477e-08	0.0066335	0.00010902	1.636e-05	0.00148	3.651e-05	0.0007024	6.194e-05	0.00077513	7.1103e-06	0.0003863	5.135e-06	7.777e-05	4.009e-06	6.665e-05	4.302e-08	3.3183e-06	3.9623e-07	1.936e-05	1.415e-05	0.001342	3.726e-06	7.934e-05
0.017185	0.057002	1.449e+07	120.3	1.889e+17	0.12836	0.4442	0.53991	1.8641e-05	7.3589e-06	1.674e-06	0.004049	8.352e-08	0.00664	9.9279e-05	1.635e-05	0.001479	3.65e-05	0.0007022	6.193e-05	0.000775	7.109e-06	0.0003862	5.134e-06	7.775e-05	4.008e-06	6.663e-05	4.301e-08	3.318e-06	3.962e-07	1.935e-05	1.415e-05	0.001342	3.725e-06	7.932e-05
0.01909	0.059222	1.4421e+07	118.52	1.8623e+17	0.14123	0.44972	0.53439	1.9523e-05	7.2869e-06	1.6572e-06	0.004047	8.3574e-08	0.0066469	8.9831e-05	1.634e-05	0.001479	3.649e-05	0.00070206	6.191e-05	0.00077476	7.107e-06	0.0003861	5.1326e-06	7.773e-05	4.007e-06	6.6616e-05	4.3e-08	3.317e-06	3.9606e-07	1.935e-05	1.414e-05	0.001342	3.724e-06	7.93e-05
0.021196	0.061528	1.4349e+07	116.68	1.8337e+17	0.15519	0.45554	0.52857	2.0502e-05	7.2101e-06	1.6398e-06	0.004046	8.3631e-08	0.0066531	8.0726e-05	1.634e-05	0.001478	3.648e-05	0.00070189	6.189e-05	0.0007745	7.1049e-06	0.000386	5.131e-06	7.7709e-05	4.006e-06	6.6599e-05	4.2989e-08	3.316e-06	3.959e-07	1.934e-05	1.414e-05	0.001341	3.723e-06	7.9279e-05
0.023518	0.063923	1.4272e+07	114.76	1.8039e+17	0.17029	0.46166	0.52246	2.1585e-05	7.1296e-06	1.6216e-06	0.0040442	8.3678e-08	0.0066578	7.2011e-05	1.633e-05	0.0014772	3.647e-05	0.00070162	6.187e-05	0.0007743	7.1022e-06	0.0003859	5.1292e-06	7.7682e-05	4.005e-06	6.658e-05	4.2972e-08	3.315e-06	3.958e-07	1.934e-05	1.4132e-05	0.001341	3.722e-06	7.9252e-05
0.026076	0.066412	1.4192e+07	112.67	1.7721e+17	0.18657	0.4681	0.51603	2.2788e-05	7.044e-06	1.6017e-06	0.004043	8.3738e-08	0.0066628	6.3742e-05	1.632e-05	0.001477	3.646e-05	0.0007014	6.185e-05	0.00077402	7.1002e-06	0.00038572	5.128e-06	7.766e-05	4.0032e-06	6.6552e-05	4.296e-08	3.314e-06	3.957e-07	1.933e-05	1.413e-05	0.0013402	3.721e-06	7.9222e-05
0.028894	0.068998	1.41e+07	110.6	1.739e+17	0.2041	0.47484	0.50929	2.4129e-05	6.9531e-06	1.581e-06	0.004041	8.38e-08	0.006667	5.5977e-05	1.631e-05	0.001476	3.645e-05	0.0007011	6.183e-05	0.0007738	7.098e-06	0.0003856	5.126e-06	7.763e-05	4.002e-06	6.653e-05	4.294e-08	3.312e-06	3.955e-07	1.932e-05	1.412e-05	0.00134	3.719e-06	7.92e-05
0.031995	0.071684	1.4013e+07	108.42	1.7044e+17	0.22292	0.4819	0.50224	2.5623e-05	6.8577e-06	1.5595e-06	0.004039	8.3867e-08	0.00667	4.8763e-05	1.6306e-05	0.001475	3.643e-05	0.00070086	6.1806e-05	0.00077346	7.095e-06	0.00038546	5.124e-06	7.76e-05	4.0006e-06	6.6506e-05	4.293e-08	3.311e-06	3.954e-07	1.932e-05	1.412e-05	0.0013396	3.718e-06	7.9166e-05
0.0354	0.074475	1.3911e+07	106.12	1.6684e+17	0.24303	0.48925	0.4949	2.7284e-05	6.757e-06	1.5372e-06	0.0040371	8.3939e-08	0.006672	4.2097e-05	1.6291e-05	0.0014741	3.642e-05	0.0007006	6.178e-05	0.00077311	7.092e-06	0.0003853	5.122e-06	7.757e-05	3.999e-06	6.648e-05	4.291e-08	3.31e-06	3.9521e-07	1.931e-05	1.411e-05	0.001339	3.7161e-06	7.9131e-05
0.039137	0.077375	1.3813e+07	103.8	1.6308e+17	0.26447	0.49691	0.48724	2.9147e-05	6.6515e-06	1.513e-06	0.004035	8.4015e-08	0.006674	3.6043e-05	1.6283e-05	0.001474	3.64e-05	0.0007003	6.1753e-05	0.00077283	7.089e-06	0.00038513	5.12e-06	7.7533e-05	3.997e-06	6.645e-05	4.289e-08	3.3083e-06	3.951e-07	1.93e-05	1.411e-05	0.001338	3.715e-06	7.91e-05
0.043232	0.080387	1.3705e+07	101.39	1.5924e+17	0.28725	0.50486	0.4793	3.1239e-05	6.5411e-06	1.4879e-06	0.004033	8.4095e-08	0.006675	3.058e-05	1.6272e-05	0.001473	3.639e-05	0.0007	6.1722e-05	0.0007725	7.086e-06	0.000385	5.1172e-06	7.75e-05	3.995e-06	6.642e-05	4.287e-08	3.307e-06	3.949e-07	1.929e-05	1.41e-05	0.001338	3.713e-06	7.9062e-05
0.047716	0.083517	1.3589e+07	98.937	1.5518e+17	0.31136	0.51308	0.47109	3.3593e-05	6.4244e-06	1.4618e-06	0.004031	8.418e-08	0.006675	2.5726e-05	1.626e-05	0.001472	3.637e-05	0.0006997	6.17e-05	0.0007721	7.082e-06	0.0003848	5.115e-06	7.746e-05	3.993e-06	6.639e-05	4.285e-08	3.305e-06	3.947e-07	1.928e-05	1.409e-05	0.001337	3.711e-06	7.903e-05
0.05262	0.086769	1.3469e+07	96.406	1.5098e+17	0.33679	0.52156	0.46261	3.6241e-05	6.3028e-06	1.4339e-06	0.004028	8.4261e-08	0.006674	2.1468e-05	1.625e-05	0.001471	3.635e-05	0.0006993	6.1665e-05	0.0007717	7.079e-06	0.0003846	5.1125e-06	7.7425e-05	3.9915e-06	6.6355e-05	4.283e-08	3.304e-06	3.945e-07	1.927e-05	1.409e-05	0.0013365	3.7095e-06	7.8985e-05
0.057973	0.090147	1.3344e+07	93.818	1.4662e+17	0.36348	0.53029	0.4539	3.9238e-05	6.1754e-06	1.4048e-06	0.004025	8.4353e-08	0.0066727	1.7796e-05	1.624e-05	0.0014697	3.633e-05	0.0006989	6.163e-05	0.00077127	7.075e-06	0.0003844	5.1097e-06	7.738e-05	3.989e-06	6.6317e-05	4.2807e-08	3.302e-06	3.943e-07	1.926e-05	1.408e-05	0.001336	3.7077e-06	7.8947e-05
0.063812	0.093657	1.3207e+07	91.171	1.4218e+17	0.39137	0.53921	0.44498	4.264e-05	6.042e-06	1.3747e-06	0.0040227	8.4446e-08	0.00667	1.4668e-05	1.622e-05	0.001468	3.631e-05	0.0006985	6.1597e-05	0.00077087	7.0707e-06	0.00038417	5.1067e-06	7.7337e-05	3.987e-06	6.628e-05	4.278e-08	3.3e-06	3.9407e-07	1.925e-05	1.407e-05	0.001335	3.705e-06	7.8897e-05
0.070171	0.097303	1.3068e+07	88.476	1.3758e+17	0.42038	0.54833	0.43587	4.6503e-05	5.9035e-06	1.343e-06	0.0040194	8.4546e-08	0.0066664	1.2046e-05	1.621e-05	0.001467	3.6284e-05	0.00069804	6.1554e-05	0.00077034	7.0664e-06	0.0003839	5.1034e-06	7.7284e-05	3.984e-06	6.6234e-05	4.2754e-08	3.298e-06	3.938e-07	1.924e-05	1.406e-05	0.001334	3.703e-06	7.8844e-05
0.077085	0.10109	1.2926e+07	85.744	1.3289e+17	0.4504	0.5576	0.42661	5.0922e-05	5.7595e-06	1.3103e-06	0.004016	8.4652e-08	0.006662	9.8841e-06	1.619e-05	0.0014658	3.626e-05	0.00069758	6.1518e-05	0.0007698	7.0618e-06	0.00038368	5.1e-06	7.7238e-05	3.9818e-06	6.619e-05	4.2728e-08	3.2958e-06	3.935e-07	1.9228e-05	1.405e-05	0.001333	3.7008e-06	7.8798e-05
0.084593	0.10503	1.2769e+07	82.961	1.2807e+17	0.4813	0.56698	0.41724	5.5977e-05	5.6099e-06	1.2758e-06	0.004013	8.4771e-08	0.0066569	8.1275e-06	1.617e-05	0.001464	3.6239e-05	0.0006971	6.147e-05	0.00076929	7.0569e-06	0.0003834	5.096e-06	7.7179e-05	3.979e-06	6.6149e-05	4.2699e-08	3.293e-06	3.9329e-07	1.921e-05	1.404e-05	0.001332	3.698e-06	7.8739e-05
0.092736	0.10912	1.2615e+07	80.151	1.2316e+17	0.51292	0.57644	0.40779	6.1797e-05	5.4536e-06	1.2408e-06	0.0040098	8.4882e-08	0.0066518	6.7267e-06	1.6158e-05	0.0014628	3.621e-05	0.0006966	6.1428e-05	0.00076878	7.0518e-06	0.0003831	5.0928e-06	7.7128e-05	3.976e-06	6.6098e-05	4.2668e-08	3.291e-06	3.9298e-07	1.92e-05	1.403e-05	0.001331	3.695e-06	7.868e-05
0.10155	0.11336	1.2445e+07	77.319	1.1816e+17	0.54507	0.58593	0.3983	6.8516e-05	5.2921e-06	1.2041e-06	0.0040053	8.4997e-08	0.0066453	5.6292e-06	1.614e-05	0.001461	3.6183e-05	0.0006961	6.1383e-05	0.0007682	7.0463e-06	0.00038283	5.089e-06	7.707e-05	3.973e-06	6.6053e-05	4.2633e-08	3.289e-06	3.927e-07	1.9183e-05	1.402e-05	0.00133	3.693e-06	7.8623e-05
0.11107	0.11778	1.2269e+07	74.452	1.1307e+17	0.57756	0.59542	0.38883	7.6308e-05	5.1244e-06	1.1658e-06	0.004002	8.5136e-08	0.006639	4.7878e-06	1.612e-05	0.0014594	3.6154e-05	0.00069554	6.1334e-05	0.0007676	7.041e-06	0.0003825	5.085e-06	7.701e-05	3.97e-06	6.6e-05	4.26e-08	3.286e-06	3.924e-07	1.917e-05	1.401e-05	0.001329	3.69e-06	7.8564e-05
0.12135	0.12236	1.2095e+07	71.574	1.0794e+17	0.61014	0.60483	0.37943	8.5378e-05	4.9522e-06	1.1261e-06	0.003998	8.5275e-08	0.006632	4.156e-06	1.61e-05	0.001458	3.613e-05	0.000695	6.1283e-05	0.00076693	7.0353e-06	0.0003822	5.081e-06	7.6943e-05	3.967e-06	6.5943e-05	4.257e-08	3.2833e-06	3.921e-07	1.915e-05	1.4e-05	0.001328	3.687e-06	7.85e-05
0.13242	0.12713	1.1905e+07	68.683	1.0275e+17	0.6426	0.61411	0.37015	9.5983e-05	4.8516e-06	1.108e-06	0.003994	8.5415e-08	0.006624	3.6897e-06	1.608e-05	0.001456	3.6097e-05	0.0006944	6.123e-05	0.0007663	7.029e-06	0.0003819	5.0767e-06	7.688e-05	3.9637e-06	6.589e-05	4.253e-08	3.2807e-06	3.917e-07	1.914e-05	1.399e-05	0.001327	3.6837e-06	7.8437e-05
0.14432	0.13208	1.1717e+07	65.776	9.7499e+16	0.67465	0.62324	0.36102	0.00010842	5.9694e-06	1.4419e-06	0.0039878	8.553e-08	0.0066158	3.3536e-06	1.606e-05	0.001454	3.606e-05	0.00069378	6.118e-05	0.00076568	7.023e-06	0.00038158	5.072e-06	7.6818e-05	3.96e-06	6.583e-05	4.249e-08	3.2778e-06	3.914e-07	1.912e-05	1.398e-05	0.001326	3.68e-06	7.8368e-05
0.15709	0.13722	1.1511e+07	62.876	9.2259e+16	0.70606	0.63214	0.35213	0.00012316	1.6639e-05	4.5352e-06	0.0039672	8.5334e-08	0.0066076	3.1166e-06	1.6036e-05	0.001452	3.603e-05	0.00069316	6.1126e-05	0.00076496	7.017e-06	0.0003812	5.0676e-06	7.6746e-05	3.9566e-06	6.5776e-05	4.2456e-08	3.275e-06	3.9106e-07	1.91e-05	1.396e-05	0.001325	3.677e-06	7.8296e-05
0.17077	0.14256	1.1307e+07	59.977	8.7019e+16	0.73656	0.64077	0.34351	0.00014063	6.7056e-05	1.9126e-05	0.0038874	8.3838e-08	0.006599	2.9525e-06	1.601e-05	0.00145	3.6e-05	0.00069259	6.107e-05	0.00076429	7.0109e-06	0.00038089	5.063e-06	7.6679e-05	3.953e-06	6.571e-05	4.2419e-08	3.272e-06	3.907e-07	1.9089e-05	1.395e-05	0.0013239	3.6739e-06	7.822e-05
0.18538	0.14811	1.1095e+07	57.083	8.1795e+16	0.76594	0.64908	0.33523	0.00016156	0.00021207	6.1063e-05	0.0036664	7.9241e-08	0.0065908	2.8422e-06	1.599e-05	0.001448	3.5968e-05	0.0006919	6.101e-05	0.00076358	7.004e-06	0.0003805	5.058e-06	7.6608e-05	3.949e-06	6.565e-05	4.2378e-08	3.269e-06	3.903e-07	1.907e-05	1.394e-05	0.001322	3.67e-06	7.815e-05
0.20095	0.15388	1.0885e+07	54.2	7.6615e+16	0.79396	0.65705	0.32731	0.00018655	0.0004936	0.00014227	0.0032428	7.0149e-08	0.0065812	2.7692e-06	1.597e-05	0.0014462	3.593e-05	0.00069122	6.096e-05	0.00076282	6.9972e-06	0.0003802	5.0532e-06	7.6532e-05	3.9452e-06	6.5592e-05	4.234e-08	3.266e-06	3.9e-07	1.905e-05	1.393e-05	0.001321	3.667e-06	7.808e-05
0.21751	0.15987	1.0663e+07	51.339	7.1488e+16	0.8204	0.66462	0.31981	0.00021681	0.00089217	0.00025326	0.0026513	5.7242e-08	0.006573	2.7218e-06	1.594e-05	0.001445	3.59e-05	0.00069063	6.09e-05	0.00076213	6.991e-06	0.0003798	5.049e-06	7.6463e-05	3.942e-06	6.553e-05	4.23e-08	3.263e-06	3.896e-07	1.903e-05	1.391e-05	0.00132	3.6633e-06	7.8003e-05
0.23508	0.1661	1.0436e+07	48.488	6.6445e+16	0.84508	0.67173	0.31276	0.00025342	0.0013337	0.00035691	0.002017	4.333e-08	0.0065638	2.6906e-06	1.592e-05	0.0014428	3.5868e-05	0.00068998	6.084e-05	0.0007614	6.9848e-06	0.00037948	5.044e-06	7.639e-05	3.938e-06	6.547e-05	4.226e-08	3.2598e-06	3.892e-07	1.9018e-05	1.39e-05	0.001319	3.66e-06	7.793e-05
0.25366	0.17256	1.0207e+07	45.674	6.1493e+16	0.8678	0.67837	0.30617	0.00029808	0.0017395	0.00040478	0.0014867	3.1688e-08	0.0065549	2.6709e-06	1.5899e-05	0.001441	3.583e-05	0.0006893	6.0789e-05	0.0007607	6.9779e-06	0.0003791	5.039e-06	7.6319e-05	3.934e-06	6.5409e-05	4.222e-08	3.2569e-06	3.8889e-07	1.9e-05	1.389e-05	0.001317	3.6569e-06	7.786e-05
0.27326	0.17928	9.9684e+06	42.887	5.6668e+16	0.88846	0.68447	0.30008	0.00035288	0.0020633	0.00037833	0.0011323	2.4126e-08	0.006546	2.6574e-06	1.587e-05	0.001439	3.58e-05	0.0006887	6.073e-05	0.00076	6.9714e-06	0.00037874	5.035e-06	7.625e-05	3.931e-06	6.535e-05	4.218e-08	3.2534e-06	3.885e-07	1.898e-05	1.387e-05	0.001316	3.653e-06	7.7784e-05
0.29386	0.18626	9.7311e+06	40.14	5.1977e+16	0.90699	0.69005	0.29449	0.00042058	0.0022948	0.00030286	0.00093913	2.5879e-08	0.006537	2.6485e-06	1.585e-05	0.001437	3.5765e-05	0.00068805	6.067e-05	0.0007593	6.965e-06	0.0003784	5.03e-06	7.6175e-05	3.927e-06	6.5285e-05	4.214e-08	3.2505e-06	3.8815e-07	1.896e-05	1.386e-05	0.001315	3.65e-06	7.7715e-05
0.31545	0.19351	9.4906e+06	37.435	4.7452e+16	0.92341	0.69509	0.2894	0.00050487	0.0024462	0.00021745	0.00084899	9.8229e-08	0.006528	2.642e-06	1.583e-05	0.001435	3.573e-05	0.0006874	6.061e-05	0.0007586	6.958e-06	0.000378	5.025e-06	7.61e-05	3.923e-06	6.522e-05	4.21e-08	3.247e-06	3.878e-07	1.894e-05	1.385e-05	0.001314	3.646e-06	7.764e-05
0.33798	0.20105	9.2476e+06	34.784	4.3093e+16	0.93778	0.69961	0.2848	0.00061045	0.0025394	0.00014694	0.00081097	3.7486e-07	0.006519	2.6369e-06	1.58e-05	0.001433	3.57e-05	0.00068679	6.056e-05	0.00075789	6.9519e-06	0.0003777	5.0209e-06	7.603e-05	3.92e-06	6.516e-05	4.206e-08	3.244e-06	3.874e-07	1.893e-05	1.383e-05	0.001312	3.643e-06	7.7569e-05
0.36142	0.20888	9.0037e+06	32.19	3.8932e+16	0.95018	0.70362	0.28069	0.00074389	0.0025925	9.8196e-05	0.00079575	8.322e-07	0.0065102	2.632e-06	1.578e-05	0.001431	3.5662e-05	0.0006861	6.0502e-05	0.00075712	6.9452e-06	0.00037732	5.016e-06	7.5962e-05	3.916e-06	6.5102e-05	4.202e-08	3.2412e-06	3.871e-07	1.891e-05	1.382e-05	0.001311	3.64e-06	7.75e-05
0.38569	0.21701	8.7578e+06	29.668	3.4986e+16	0.96073	0.70714	0.27702	0.0009144	0.002621	6.8078e-05	0.0007894	1.2744e-06	0.006501	2.628e-06	1.576e-05	0.001429	3.563e-05	0.0006855	6.045e-05	0.0007565	6.939e-06	0.000377	5.011e-06	7.589e-05	3.912e-06	6.504e-05	4.198e-08	3.238e-06	3.867e-07	1.889e-05	1.381e-05	0.00131	3.636e-06	7.742e-05
0.41072	0.22546	8.5122e+06	27.222	3.1258e+16	0.96959	0.71021	0.27376	0.0011347	0.002635	5.0728e-05	0.00078622	1.5847e-06	0.0064931	2.6241e-06	1.5731e-05	0.001427	3.56e-05	0.0006849	6.0391e-05	0.0007558	6.933e-06	0.0003767	5.007e-06	7.583e-05	3.909e-06	6.499e-05	4.195e-08	3.236e-06	3.864e-07	1.8871e-05	1.38e-05	0.001309	3.633e-06	7.736e-05
0.43641	0.23424	8.2654e+06	24.859	2.7761e+16	0.97691	0.71283	0.27086	0.0014235	0.002641	4.1436e-05	0.00078435	1.7603e-06	0.0064845	2.621e-06	1.571e-05	0.001425	3.557e-05	0.00068425	6.034e-05	0.0007551	6.9265e-06	0.0003763	5.002e-06	7.576e-05	3.9055e-06	6.4925e-05	4.191e-08	3.233e-06	3.86e-07	1.886e-05	1.378e-05	0.001308	3.63e-06	7.7285e-05
0.46266	0.24336	8.0198e+06	22.595	2.4509e+16	0.98292	0.71506	0.26827	0.0018081	0.002642	3.6555e-05	0.000783	1.8491e-06	0.006476	2.617e-06	1.569e-05	0.0014233	3.554e-05	0.00068363	6.0283e-05	0.00075443	6.9203e-06	0.000376	4.998e-06	7.569e-05	3.902e-06	6.487e-05	4.187e-08	3.23e-06	3.857e-07	1.884e-05	1.377e-05	0.0013063	3.6263e-06	7.722e-05
0.48934	0.25283	7.7744e+06	20.427	2.1501e+16	0.98776	0.71691	0.26592	0.0023201	0.0026403	3.4131e-05	0.0007818	1.8897e-06	0.0064673	2.6133e-06	1.567e-05	0.001422	3.5503e-05	0.000683	6.023e-05	0.00075373	6.914e-06	0.00037563	4.9933e-06	7.562e-05	3.8983e-06	6.481e-05	4.1833e-08	3.227e-06	3.853e-07	1.882e-05	1.376e-05	0.001305	3.623e-06	7.715e-05
0.51633	0.26267	7.5298e+06	18.375	1.8745e+16	0.99157	0.71843	0.26383	0.0029137	0.002638	3.2946e-05	0.00078067	1.9063e-06	0.006459	2.61e-06	1.564e-05	0.00142	3.547e-05	0.0006824	6.0177e-05	0.0007531	6.908e-06	0.0003753	4.989e-06	7.555e-05	3.895e-06	6.475e-05	4.18e-08	3.224e-06	3.85e-07	1.881e-05	1.375e-05	0.001304	3.62e-06	7.708e-05
0.54347	0.2729	7.2882e+06	16.438	1.6242e+16	0.99434	0.71974	0.26212	0.0033256	0.002635	3.2374e-05	0.00077962	1.912e-06	0.006451	2.6062e-06	1.562e-05	0.001418	3.544e-05	0.0006818	6.0122e-05	0.0007524	6.902e-06	0.000375	4.9842e-06	7.549e-05	3.892e-06	6.4692e-05	4.176e-08	3.221e-06	3.846e-07	1.879e-05	1.374e-05	0.001303	3.617e-06	7.701e-05
0.5706	0.28353	7.0484e+06	14.616	1.3975e+16	0.99608	0.72097	0.26099	0.0032423	0.002632	3.2099e-05	0.0007787	1.913e-06	0.0064439	2.603e-06	1.56e-05	0.001416	3.541e-05	0.0006813	6.008e-05	0.0007518	6.8969e-06	0.0003747	4.981e-06	7.543e-05	3.889e-06	6.465e-05	4.173e-08	3.219e-06	3.843e-07	1.878e-05	1.3729e-05	0.001302	3.614e-06	7.695e-05
0.59763	0.29456	6.8106e+06	12.931	1.195e+16	0.99715	0.72219	0.26027	0.0027626	0.002629	3.195e-05	0.00077779	1.912e-06	0.006436	2.6e-06	1.558e-05	0.001415	3.538e-05	0.0006807	6.003e-05	0.0007512	6.891e-06	0.0003744	4.9769e-06	7.537e-05	3.885e-06	6.459e-05	4.169e-08	3.216e-06	3.84e-07	1.876e-05	1.371e-05	0.001301	3.611e-06	7.689e-05
0.62433	0.30603	6.5763e+06	11.366	1.0155e+16	0.99778	0.72329	0.25979	0.0021552	0.002626	3.187e-05	0.0007769	1.91e-06	0.0064289	2.597e-06	1.556e-05	0.001413	3.536e-05	0.0006802	5.998e-05	0.00075069	6.886e-06	0.0003741	4.973e-06	7.531e-05	3.882e-06	6.454e-05	4.166e-08	3.214e-06	3.837e-07	1.875e-05	1.37e-05	0.0013	3.608e-06	7.683e-05
0.65062	0.31795	6.3459e+06	9.9387	8.5682e+15	0.99821	0.72427	0.25937	0.0016081	0.002623	3.181e-05	0.00077591	1.908e-06	0.006421	2.594e-06	1.554e-05	0.001412	3.533e-05	0.0006797	5.9931e-05	0.0007501	6.88e-06	0.0003738	4.969e-06	7.525e-05	3.879e-06	6.449e-05	4.163e-08	3.211e-06	3.834e-07	1.873e-05	1.369e-05	0.001299	3.6051e-06	7.677e-05
0.67629	0.33033	6.1188e+06	8.6399	7.1845e+15	0.99849	0.7251	0.25898	0.0011745	0.00262	3.177e-05	0.0007751	1.9053e-06	0.006414	2.591e-06	1.552e-05	0.00141	3.53e-05	0.0006792	5.989e-05	0.0007495	6.875e-06	0.0003735	4.965e-06	7.5193e-05	3.8763e-06	6.4443e-05	4.16e-08	3.209e-06	3.831e-07	1.872e-05	1.368e-05	0.001298	3.603e-06	7.671e-05
0.70125	0.34319	5.8956e+06	7.4687	5.9857e+15	0.99867	0.72583	0.2586	0.00084647	0.002617	3.1726e-05	0.0007742	1.903e-06	0.006407	2.588e-06	1.55e-05	0.001409	3.528e-05	0.0006787	5.985e-05	0.000749	6.87e-06	0.00037326	4.962e-06	7.514e-05	3.874e-06	6.44e-05	4.157e-08	3.206e-06	3.829e-07	1.87e-05	1.367e-05	0.001297	3.6e-06	7.666e-05
0.72537	0.35655	5.6762e+06	6.4203	4.9554e+15	0.9988	0.72647	0.25822	0.00060531	0.002614	3.168e-05	0.0007733	1.901e-06	0.0063999	2.584e-06	1.548e-05	0.001407	3.525e-05	0.00067819	5.98e-05	0.0007484	6.865e-06	0.00037299	4.958e-06	7.508e-05	3.871e-06	6.435e-05	4.1539e-08	3.204e-06	3.826e-07	1.869e-05	1.366e-05	0.001296	3.597e-06	7.66e-05
0.74857	0.37043	5.4609e+06	5.4892	4.0769e+15	0.99888	0.72705	0.25783	0.00043	0.002611	3.164e-05	0.0007724	1.899e-06	0.0063921	2.581e-06	1.546e-05	0.001405	3.522e-05	0.00067761	5.976e-05	0.0007478	6.86e-06	0.0003727	4.954e-06	7.503e-05	3.868e-06	6.43e-05	4.15e-08	3.201e-06	3.823e-07	1.868e-05	1.365e-05	0.001295	3.595e-06	7.654e-05
0.77076	0.38486	5.249e+06	4.6685	3.3339e+15	0.99893	0.72757	0.25745	0.00030451	0.002608	3.16e-05	0.00077153	1.896e-06	0.0063853	2.5783e-06	1.545e-05	0.001404	3.52e-05	0.0006772	5.9713e-05	0.0007473	6.855e-06	0.0003724	4.9503e-06	7.4973e-05	3.865e-06	6.4253e-05	4.1473e-08	3.199e-06	3.82e-07	1.866e-05	1.364e-05	0.001294	3.592e-06	7.649e-05
0.79186	0.39984	5.0422e+06	3.9491	2.7101e+15	0.99895	0.72807	0.25705	0.00021647	0.002604	3.156e-05	0.0007706	1.894e-06	0.006378	2.575e-06	1.5423e-05	0.001402	3.517e-05	0.0006766	5.967e-05	0.0007467	6.8493e-06	0.0003721	4.947e-06	7.4913e-05	3.862e-06	6.4203e-05	4.144e-08	3.197e-06	3.817e-07	1.865e-05	1.363e-05	0.001293	3.589e-06	7.643e-05
0.81183	0.41541	4.8391e+06	3.3243	2.1898e+15	0.99896	0.72855	0.25665	0.0001554	0.002601	3.152e-05	0.00076972	1.892e-06	0.0063702	2.572e-06	1.541e-05	0.001401	3.515e-05	0.00067612	5.962e-05	0.00074612	6.8442e-06	0.00037182	4.943e-06	7.486e-05	3.859e-06	6.416e-05	4.141e-08	3.194e-06	3.814e-07	1.863e-05	1.362e-05	0.001292	3.587e-06	7.637e-05
0.83061	0.43158	4.64e+06	2.7836	1.7591e+15	0.99897	0.729	0.25626	0.00011384	0.002598	3.148e-05	0.0007688	1.889e-06	0.006363	2.569e-06	1.539e-05	0.001399	3.512e-05	0.0006757	5.958e-05	0.0007456	6.84e-06	0.0003716	4.9398e-06	7.481e-05	3.856e-06	6.411e-05	4.138e-08	3.192e-06	3.812e-07	1.862e-05	1.361e-05	0.001291	3.584e-06	7.632e-05
0.84825	0.44838	4.4454e+06	2.32	1.4051e+15	0.99897	0.72945	0.25585	8.5683e-05	0.002595	3.144e-05	0.000768	1.887e-06	0.0063562	2.566e-06	1.537e-05	0.001398	3.51e-05	0.0006752	5.954e-05	0.0007451	6.835e-06	0.0003713	4.936e-06	7.4752e-05	3.854e-06	6.407e-05	4.135e-08	3.19e-06	3.809e-07	1.861e-05	1.36e-05	0.00129	3.582e-06	7.626e-05
0.86467	0.46584	4.2546e+06	1.9245	1.1155e+15	0.99897	0.72988	0.25545	6.7139e-05	0.002592	3.14e-05	0.00076713	1.885e-06	0.00635	2.563e-06	1.535e-05	0.001396	3.5073e-05	0.0006748	5.95e-05	0.0007446	6.8303e-06	0.0003711	4.933e-06	7.471e-05	3.851e-06	6.403e-05	4.133e-08	3.188e-06	3.807e-07	1.86e-05	1.359e-05	0.00129	3.579e-06	7.6213e-05
0.87991	0.48398	4.0672e+06	1.5893	8.8115e+14	0.99896	0.73034	0.25502	5.5051e-05	0.002589	3.136e-05	0.0007662	1.882e-06	0.006343	2.56e-06	1.533e-05	0.001395	3.505e-05	0.0006743	5.946e-05	0.0007441	6.826e-06	0.0003708	4.929e-06	7.465e-05	3.849e-06	6.398e-05	4.13e-08	3.186e-06	3.804e-07	1.858e-05	1.358e-05	0.001289	3.577e-06	7.616e-05
0.894	0.50282	3.8838e+06	1.3065	6.9197e+14	0.99895	0.73079	0.25459	4.7317e-05	0.002586	3.132e-05	0.0007654	1.88e-06	0.006336	2.557e-06	1.531e-05	0.001393	3.503e-05	0.0006739	5.942e-05	0.0007436	6.821e-06	0.0003706	4.926e-06	7.461e-05	3.846e-06	6.394e-05	4.127e-08	3.1834e-06	3.801e-07	1.857e-05	1.358e-05	0.001288	3.575e-06	7.611e-05
0.90695	0.5224	3.7028e+06	1.0692	5.4029e+14	0.99895	0.73127	0.25413	4.2458e-05	0.002583	3.128e-05	0.0007645	1.878e-06	0.006329	2.554e-06	1.529e-05	0.001392	3.501e-05	0.0006734	5.938e-05	0.0007432	6.817e-06	0.0003704	4.923e-06	7.456e-05	3.844e-06	6.39e-05	4.125e-08	3.1812e-06	3.799e-07	1.856e-05	1.357e-05	0.001287	3.572e-06	7.606e-05
0.91883	0.54274	3.5241e+06	0.87185	4.1936e+14	0.99894	0.73176	0.25366	3.9441e-05	0.00258	3.124e-05	0.0007636	1.876e-06	0.006322	2.551e-06	1.527e-05	0.00139	3.498e-05	0.000673	5.935e-05	0.0007427	6.813e-06	0.0003701	4.92e-06	7.451e-05	3.841e-06	6.386e-05	4.122e-08	3.179e-06	3.797e-07	1.855e-05	1.356e-05	0.001286	3.57e-06	7.6015e-05
0.92965	0.56387	3.347e+06	0.70779	3.2352e+14	0.99894	0.73226	0.25317	3.7618e-05	0.002577	3.12e-05	0.0007628	1.8733e-06	0.006316	2.549e-06	1.526e-05	0.001389	3.497e-05	0.0006727	5.932e-05	0.0007423	6.809e-06	0.0003699	4.918e-06	7.4473e-05	3.839e-06	6.383e-05	4.12e-08	3.178e-06	3.795e-07	1.854e-05	1.355e-05	0.001286	3.568e-06	7.598e-05
0.93949	0.58582	3.1714e+06	0.57229	2.4793e+14	0.99893	0.73277	0.25268	3.6537e-05	0.0025744	3.117e-05	0.0007622	1.872e-06	0.006311	2.546e-06	1.524e-05	0.001388	3.495e-05	0.0006724	5.93e-05	0.0007421	6.807e-06	0.0003698	4.916e-06	7.445e-05	3.838e-06	6.381e-05	4.119e-08	3.177e-06	3.793e-07	1.853e-05	1.355e-05	0.001285	3.567e-06	7.595e-05
0.94839	0.60863	2.9939e+06	0.46095	1.8861e+14	0.99893	0.73322	0.25223	3.5907e-05	0.002573	3.115e-05	0.0007619	1.871e-06	0.006309	2.546e-06	1.524e-05	0.001388	3.496e-05	0.0006725	5.93e-05	0.0007421	6.808e-06	0.0003699	4.916e-06	7.446e-05	3.838e-06	6.381e-05	4.119e-08	3.177e-06	3.794e-07	1.853e-05	1.355e-05	0.001285	3.567e-06	7.596e-05
0.95642	0.63233	2.8134e+06	0.36998	1.4227e+14	0.99893	0.73355	0.25188	3.557e-05	0.002575	3.117e-05	0.00076257	1.872e-06	0.006315	2.548e-06	1.525e-05	0.00139	3.499e-05	0.0006732	5.9367e-05	0.0007429	6.815e-06	0.00037027	4.922e-06	7.4537e-05	3.8427e-06	6.388e-05	4.123e-08	3.1807e-06	3.798e-07	1.855e-05	1.356e-05	0.001287	3.571e-06	7.604e-05
0.96364	0.65695	2.6254e+06	0.29594	1.0626e+14	0.99892	0.73417	0.2512	3.537e-05	0.002585	3.1289e-05	0.00076579	1.88e-06	0.0063439	2.559e-06	1.5319e-05	0.001396	3.513e-05	0.00067579	5.959e-05	0.00074579	6.8409e-06	0.00037169	4.9409e-06	7.4819e-05	3.857e-06	6.4129e-05	4.139e-08	3.1929e-06	3.8129e-07	1.8629e-05	1.361e-05	0.0012919	3.585e-06	7.6329e-05
0.9701	0.68253	2.4228e+06	0.23585	7.8386e+13	0.99892	0.73809	0.24729	3.4949e-05	0.0025769	3.1139e-05	0.00076437	1.8749e-06	0.0063398	2.5559e-06	1.5279e-05	0.0013979	3.5249e-05	0.00067808	5.9788e-05	0.00074828	6.8638e-06	0.00037289	4.9569e-06	7.5068e-05	3.8699e-06	6.4338e-05	4.1529e-08	3.2029e-06	3.8249e-07	1.8689e-05	1.3659e-05	0.0012959	3.5969e-06	7.6588e-05
0.97586	0.7091	2.1952e+06	0.18764	5.6892e+13	0.99892	0.74802	0.23806	3.3924e-05	0.0024484	2.9544e-05	0.00072564	1.7776e-06	0.0060136	2.4214e-06	1.4466e-05	0.0013246	3.3894e-05	0.00065198	5.749e-05	0.00071948	6.6e-06	0.00035854	4.7662e-06	7.2188e-05	3.7214e-06	6.1868e-05	3.9934e-08	3.0804e-06	3.6784e-07	1.7968e-05	1.3138e-05	0.0012458	3.4584e-06	7.3638e-05
0.98102	0.73671	1.9239e+06	0.15085	4.0282e+13	0.99891	0.75488	0.23164	3.313e-05	0.002366	2.854e-05	0.0007009	1.716e-06	0.005806	2.337e-06	1.396e-05	0.001278	3.306e-05	0.000636	5.609e-05	0.0007019	6.438e-06	0.0003498	4.65e-06	7.042e-05	3.63e-06	6.035e-05	3.895e-08	3.005e-06	3.588e-07	1.753e-05	1.281e-05	0.001216	3.374e-06	7.184e-05
0.98567	0.76539	1.6511e+06	0.11971	2.7391e+13	0.99891	0.75488	0.23164	3.313e-05	0.002366	2.854e-05	0.0007009	1.716e-06	0.005806	2.337e-06	1.396e-05	0.001278	3.306e-05	0.000636	5.609e-05	0.0007019	6.438e-06	0.0003498	4.65e-06	7.042e-05	3.63e-06	6.035e-05	3.895e-08	3.005e-06	3.588e-07	1.753e-05	1.281e-05	0.001216	3.374e-06	7.184e-05
0.98973	0.79519	1.3875e+06	0.091926	1.7647e+13	0.99891	0.75488	0.23164	3.313e-05	0.002366	2.854e-05	0.0007009	1.716e-06	0.005806	2.337e-06	1.396e-05	0.001278	3.306e-05	0.000636	5.609e-05	0.0007019	6.438e-06	0.0003498	4.65e-06	7.042e-05	3.63e-06	6.035e-05	3.895e-08	3.005e-06	3.588e-07	1.753e-05	1.281e-05	0.001216	3.374e-06	7.184e-05
0.99317	0.82615	1.1318e+06	0.067541	1.0563e+13	0.99891	0.75488	0.23164	3.313e-05	0.002366	2.854e-05	0.0007009	1.716e-06	0.005806	2.337e-06	1.396e-05	0.001278	3.306e-05	0.000636	5.609e-05	0.0007019	6.438e-06	0.0003498	4.65e-06	7.042e-05	3.63e-06	6.035e-05	3.895e-08	3.005e-06	3.588e-07	1.753e-05	1.281e-05	0.001216	3.374e-06	7.184e-05
0.99591	0.85832	8.8529e+05	0.046516	5.674e+12	0.99891	0.75488	0.23164	3.313e-05	0.002366	2.854e-05	0.0007009	1.716e-06	0.005806	2.337e-06	1.396e-05	0.001278	3.306e-05	0.000636	5.609e-05	0.0007019	6.438e-06	0.0003498	4.65e-06	7.042e-05	3.63e-06	6.035e-05	3.895e-08	3.005e-06	3.588e-07	1.753e-05	1.281e-05	0.001216	3.374e-06	7.184e-05
0.99794	0.89173	6.467e+05	0.028882	2.5636e+12	0.99891	0.75488	0.23164	3.313e-05	0.002366	2.854e-05	0.0007009	1.716e-06	0.005806	2.337e-06	1.396e-05	0.001278	3.306e-05	0.000636	5.609e-05	0.0007019	6.438e-06	0.0003498	4.65e-06	7.042e-05	3.63e-06	6.035e-05	3.895e-08	3.005e-06	3.588e-07	1.753e-05	1.281e-05	0.001216	3.374e-06	7.184e-05
0.99925	0.92645	4.1619e+05	0.014767	8.3782e+11	0.99891	0.75488	0.23164	3.313e-05	0.002366	2.854e-05	0.0007009	1.716e-06	0.005806	2.337e-06	1.396e-05	0.001278	3.306e-05	0.000636	5.609e-05	0.0007019	6.438e-06	0.0003498	4.65e-06	7.042e-05	3.63e-06	6.035e-05	3.895e-08	3.005e-06	3.588e-07	1.753e-05	1.281e-05	0.001216	3.374e-06	7.184e-05
0.99988	0.96252	1.9466e+05	0.0045426	1.1797e+11	0.99891	0.75488	0.23164	3.313e-05	0.002366	2.854e-05	0.0007009	1.716e-06	0.005806	2.337e-06	1.396e-05	0.001278	3.306e-05	0.000636	5.609e-05	0.0007019	6.438e-06	0.0003498	4.65e-06	7.042e-05	3.63e-06	6.035e-05	3.895e-08	3.005e-06	3.588e-07	1.753e-05	1.281e-05	0.001216	3.374e-06	7.184e-05
1	1	5776	1.699e-07	65890	0.99891	0.75488	0.23164	3.313e-05	0.002366	2.854e-05	0.0007009	1.716e-06	0.005806	2.337e-06	1.396e-05	0.001278	3.306e-05	0.000636	5.609e-05	0.0007019	6.438e-06	0.0003498	4.65e-06	7.042e-05	3.63e-06	6.035e-05	3.895e-08	3.005e-06	3.588e-07	1.753e-05	1.281e-05	0.001216	3.374e-06	7.184e-05
