1.0798e-07	0.0005399	1.544e+07	148.9	2.299e+17	0	0.3623	0.62176	9.2011e-06	8.3858e-06	1.9069e-06	0.0040619	8.2748e-08	0.0063989	0.00037158	1.6399e-05	0.001483	3.6568e-05	0.00070346	6.2027e-05	0.00077626	7.1206e-06	0.00038688	5.1427e-06	7.7885e-05	4.0148e-06	6.6747e-05	4.3088e-08	3.3228e-06	3.9688e-07	1.9388e-05	1.4169e-05	0.001344	3.7318e-06	7.9456e-05
1.166e-07	0.00058299	1.544e+07	148.9	2.299e+17	0	0.3623	0.62176	9.2012e-06	8.3857e-06	1.9068e-06	0.0040618	8.2747e-08	0.0063988	0.00037157	1.6398e-05	0.001483	3.6565e-05	0.00070342	6.2023e-05	0.00077622	7.1202e-06	0.00038685	5.1423e-06	7.788e-05	4.0147e-06	6.6743e-05	4.3085e-08	3.3227e-06	3.9685e-07	1.9387e-05	1.4168e-05	0.001344	3.7315e-06	7.9452e-05
1.259e-07	0.00062951	1.544e+07	148.9	2.299e+17	0	0.36231	0.62175	9.2013e-06	8.3855e-06	1.9067e-06	0.0040617	8.2745e-08	0.0063987	0.00037155	1.6397e-05	0.001483	3.6562e-05	0.00070337	6.202e-05	0.00077617	7.1197e-06	0.00038682	5.142e-06	7.7874e-05	4.0145e-06	6.674e-05	4.3082e-08	3.3225e-06	3.9682e-07	1.9385e-05	1.4167e-05	0.001344	3.7312e-06	7.9447e-05
1.3595e-07	0.00067974	1.544e+07	148.9	2.299e+17	0	0.36231	0.62175	9.2014e-06	8.3853e-06	1.9066e-06	0.0040616	8.2743e-08	0.0063986	0.00037153	1.6396e-05	0.001483	3.6559e-05	0.00070332	6.2016e-05	0.00077612	7.1192e-06	0.00038679	5.1416e-06	7.7868e-05	4.0143e-06	6.6736e-05	4.3079e-08	3.3223e-06	3.9679e-07	1.9383e-05	1.4166e-05	0.001344	3.7309e-06	7.9442e-05
1.468e-07	0.00073399	1.544e+07	148.9	2.299e+17	0	0.36231	0.62175	9.2015e-06	8.3851e-06	1.9065e-06	0.0040615	8.2741e-08	0.0063985	0.00037151	1.6395e-05	0.001483	3.6556e-05	0.00070327	6.2011e-05	0.00077607	7.1187e-06	0.00038676	5.1411e-06	7.7862e-05	4.0141e-06	6.6731e-05	4.3076e-08	3.3221e-06	3.9676e-07	1.9381e-05	1.4165e-05	0.001344	3.7306e-06	7.9437e-05
1.5851e-07	0.00079256	1.544e+07	148.9	2.299e+17	0	0.36231	0.62175	9.2016e-06	8.3848e-06	1.9064e-06	0.0040614	8.2738e-08	0.0063984	0.00037148	1.6394e-05	0.001483	3.6552e-05	0.00070321	6.2007e-05	0.00077601	7.1181e-06	0.00038672	5.1407e-06	7.7855e-05	4.0138e-06	6.6727e-05	4.3072e-08	3.3218e-06	3.9672e-07	1.9378e-05	1.4164e-05	0.001344	3.7302e-06	7.9431e-05
1.7116e-07	0.00085581	1.544e+07	148.9	2.299e+17	0	0.36231	0.62175	9.2017e-06	8.3846e-06	1.9063e-06	0.0040613	8.2736e-08	0.0063983	0.00037146	1.6393e-05	0.001483	3.6549e-05	0.00070314	6.2002e-05	0.00077594	7.1174e-06	0.00038669	5.1402e-06	7.7847e-05	4.0136e-06	6.6722e-05	4.3069e-08	3.3216e-06	3.9669e-07	1.9376e-05	1.4163e-05	0.001344	3.7299e-06	7.9424e-05
1.8482e-07	0.0009241	1.544e+07	148.9	2.299e+17	0	0.36232	0.62174	9.2018e-06	8.3843e-06	1.9062e-06	0.0040612	8.2733e-08	0.0063982	0.00037143	1.6392e-05	0.001483	3.6545e-05	0.00070308	6.1996e-05	0.00077588	7.1168e-06	0.00038665	5.1396e-06	7.7839e-05	4.0133e-06	6.6716e-05	4.3065e-08	3.3213e-06	3.9665e-07	1.9373e-05	1.4162e-05	0.001344	3.7295e-06	7.9418e-05
1.9957e-07	0.00099785	1.544e+07	148.9	2.299e+17	0	0.36232	0.62174	9.202e-06	8.384e-06	1.906e-06	0.004061	8.273e-08	0.006398	0.0003714	1.639e-05	0.001483	3.654e-05	0.000703	6.199e-05	0.0007758	7.116e-06	0.0003866	5.139e-06	7.783e-05	4.013e-06	6.671e-05	4.306e-08	3.321e-06	3.966e-07	1.937e-05	1.416e-05	0.001344	3.729e-06	7.941e-05
2.3099e-07	0.0010775	1.544e+07	148.9	2.299e+17	0	0.36232	0.62174	9.2025e-06	8.3843e-06	1.906e-06	0.0040612	8.2733e-08	0.0063982	0.00037138	1.6392e-05	0.001483	3.6543e-05	0.00070305	6.1995e-05	0.00077586	7.1166e-06	0.00038663	5.1395e-06	7.7836e-05	4.0132e-06	6.6715e-05	4.3063e-08	3.3213e-06	3.9663e-07	1.9372e-05	1.4162e-05	0.001344	3.7293e-06	7.9415e-05
2.6538e-07	0.0011635	1.544e+07	148.9	2.299e+17	0	0.36233	0.62173	9.203e-06	8.3847e-06	1.906e-06	0.0040613	8.2737e-08	0.0063983	0.00037137	1.6393e-05	0.001483	3.6547e-05	0.0007031	6.2e-05	0.00077593	7.1173e-06	0.00038667	5.14e-06	7.7843e-05	4.0133e-06	6.672e-05	4.3067e-08	3.3217e-06	3.9667e-07	1.9373e-05	1.4163e-05	0.001344	3.7297e-06	7.942e-05
3.0252e-07	0.0012563	1.544e+07	148.9	2.299e+17	0	0.36234	0.62172	9.2035e-06	8.385e-06	1.906e-06	0.0040615	8.274e-08	0.0063985	0.00037135	1.6395e-05	0.001483	3.655e-05	0.00070315	6.2005e-05	0.00077601	7.1181e-06	0.0003867	5.1405e-06	7.7851e-05	4.0135e-06	6.6725e-05	4.307e-08	3.322e-06	3.967e-07	1.9375e-05	1.4165e-05	0.001344	3.73e-06	7.9425e-05
3.4262e-07	0.0013566	1.544e+07	148.9	2.299e+17	0	0.36234	0.62172	9.2041e-06	8.3854e-06	1.906e-06	0.0040617	8.2744e-08	0.0063987	0.00037133	1.6397e-05	0.001483	3.6554e-05	0.00070321	6.2011e-05	0.00077609	7.1189e-06	0.00038674	5.1411e-06	7.7859e-05	4.0137e-06	6.6731e-05	4.3074e-08	3.3224e-06	3.9674e-07	1.9377e-05	1.4167e-05	0.001344	3.7304e-06	7.9431e-05
3.8593e-07	0.0014648	1.544e+07	148.9	2.299e+17	0	0.36235	0.62171	9.2048e-06	8.3859e-06	1.906e-06	0.0040619	8.2749e-08	0.0063989	0.00037131	1.6399e-05	0.001483	3.6559e-05	0.00070328	6.2018e-05	0.00077617	7.1197e-06	0.00038679	5.1418e-06	7.7867e-05	4.0139e-06	6.6738e-05	4.3079e-08	3.3229e-06	3.9679e-07	1.9379e-05	1.4169e-05	0.001344	3.7309e-06	7.9438e-05
4.6537e-07	0.0015817	1.544e+07	148.9	2.299e+17	1.6341e-06	0.36236	0.6217	9.2057e-06	8.3863e-06	1.9062e-06	0.0040622	8.2755e-08	0.0063995	0.00037128	1.6402e-05	0.0014832	3.6565e-05	0.0007034	6.2028e-05	0.0007763	7.1208e-06	0.00038685	5.1427e-06	7.788e-05	4.0147e-06	6.6748e-05	4.3085e-08	3.3233e-06	3.9685e-07	1.9383e-05	1.4172e-05	0.0013442	3.7315e-06	7.9451e-05
5.6634e-07	0.0017079	1.544e+07	148.9	2.299e+17	4.1586e-06	0.36237	0.62169	9.2067e-06	8.3868e-06	1.9064e-06	0.0040624	8.2762e-08	0.0064002	0.00037126	1.6404e-05	0.0014834	3.6572e-05	0.00070355	6.2041e-05	0.00077645	7.1221e-06	0.00038692	5.1437e-06	7.7895e-05	4.0157e-06	6.6761e-05	4.3092e-08	3.3238e-06	3.9692e-07	1.9388e-05	1.4174e-05	0.0013444	3.7322e-06	7.9469e-05
6.7538e-07	0.0018442	1.544e+07	148.9	2.299e+17	6.8845e-06	0.36238	0.62168	9.2078e-06	8.3874e-06	1.9067e-06	0.0040627	8.2771e-08	0.0064011	0.00037123	1.6407e-05	0.0014837	3.6581e-05	0.00070371	6.2054e-05	0.00077661	7.1234e-06	0.00038701	5.1448e-06	7.7911e-05	4.0168e-06	6.6774e-05	4.3101e-08	3.3244e-06	3.9701e-07	1.9394e-05	1.4177e-05	0.0013447	3.7331e-06	7.9488e-05
7.9312e-07	0.0019914	1.544e+07	148.9	2.299e+17	9.8279e-06	0.36239	0.62166	9.2089e-06	8.388e-06	1.907e-06	0.004063	8.2779e-08	0.0064019	0.0003712	1.641e-05	0.001484	3.6589e-05	0.00070389	6.2069e-05	0.00077679	7.1249e-06	0.00038709	5.1459e-06	7.7929e-05	4.0179e-06	6.6789e-05	4.3109e-08	3.325e-06	3.9709e-07	1.94e-05	1.418e-05	0.001345	3.7339e-06	7.9509e-05
1.0706e-06	0.0021503	1.544e+07	148.87	2.299e+17	1e-05	0.36241	0.62164	9.2105e-06	8.3883e-06	1.907e-06	0.0040633	8.2786e-08	0.0064026	0.00037111	1.641e-05	0.001484	3.6593e-05	0.00070399	6.2076e-05	0.00077689	7.1259e-06	0.00038716	5.1466e-06	7.7939e-05	4.0183e-06	6.6799e-05	4.3116e-08	3.3256e-06	3.9713e-07	1.9403e-05	1.4183e-05	0.0013453	3.7343e-06	7.9519e-05
1.3794e-06	0.0023219	1.544e+07	148.84	2.299e+17	1e-05	0.36243	0.62162	9.2122e-06	8.3886e-06	1.907e-06	0.0040636	8.2793e-08	0.0064033	0.00037101	1.641e-05	0.001484	3.6596e-05	0.00070409	6.2083e-05	0.00077699	7.1269e-06	0.00038723	5.1473e-06	7.7949e-05	4.0186e-06	6.6809e-05	4.3123e-08	3.3263e-06	3.9716e-07	1.9406e-05	1.4186e-05	0.0013456	3.7346e-06	7.9529e-05
1.7173e-06	0.0025072	1.544e+07	148.8	2.299e+17	1.0144e-05	0.36245	0.6216	9.2141e-06	8.389e-06	1.907e-06	0.004064	8.28e-08	0.006404	0.00037089	1.641e-05	0.001484	3.66e-05	0.0007042	6.209e-05	0.0007771	7.128e-06	0.0003873	5.148e-06	7.796e-05	4.019e-06	6.682e-05	4.313e-08	3.327e-06	3.972e-07	1.941e-05	1.419e-05	0.001346	3.735e-06	7.954e-05
2.1975e-06	0.0027073	1.544e+07	148.8	2.2986e+17	1.4145e-05	0.36248	0.62157	9.2169e-06	8.389e-06	1.907e-06	0.0040644	8.2804e-08	0.0064048	0.00037073	1.641e-05	0.0014844	3.6604e-05	0.00070424	6.2094e-05	0.00077714	7.1284e-06	0.0003873	5.1484e-06	7.7968e-05	4.0194e-06	6.6824e-05	4.3134e-08	3.327e-06	3.9724e-07	1.941e-05	1.419e-05	0.001346	3.7354e-06	7.9544e-05
2.716e-06	0.0029233	1.544e+07	148.8	2.2982e+17	1.8466e-05	0.36251	0.62153	9.2199e-06	8.389e-06	1.907e-06	0.0040648	8.2808e-08	0.0064057	0.00037056	1.641e-05	0.0014848	3.6608e-05	0.00070428	6.2098e-05	0.00077718	7.1288e-06	0.0003873	5.1488e-06	7.7977e-05	4.0198e-06	6.6828e-05	4.3138e-08	3.327e-06	3.9728e-07	1.941e-05	1.419e-05	0.001346	3.7358e-06	7.9548e-05
3.4011e-06	0.0031566	1.544e+07	148.8	2.298e+17	2.6264e-05	0.36255	0.62149	9.2232e-06	8.389e-06	1.907e-06	0.004065	8.2813e-08	0.0064063	0.00037037	1.6413e-05	0.001485	3.661e-05	0.0007043	6.2103e-05	0.00077723	7.1293e-06	0.00038733	5.149e-06	7.798e-05	4.02e-06	6.683e-05	4.314e-08	3.3273e-06	3.973e-07	1.941e-05	1.419e-05	0.001346	3.736e-06	7.9553e-05
4.2072e-06	0.0034085	1.544e+07	148.8	2.298e+17	3.634e-05	0.36259	0.62145	9.2267e-06	8.389e-06	1.907e-06	0.004065	8.2818e-08	0.0064068	0.00037017	1.6418e-05	0.001485	3.661e-05	0.0007043	6.2108e-05	0.00077728	7.1298e-06	0.00038738	5.149e-06	7.798e-05	4.02e-06	6.683e-05	4.314e-08	3.3278e-06	3.973e-07	1.941e-05	1.419e-05	0.001346	3.736e-06	7.9558e-05
5.3303e-06	0.0036805	1.5436e+07	148.76	2.2976e+17	4.722e-05	0.36265	0.62139	9.2312e-06	8.3886e-06	1.907e-06	0.004065	8.282e-08	0.0064074	0.00036988	1.642e-05	0.001485	3.661e-05	0.00070434	6.211e-05	0.0007773	7.13e-06	0.0003874	5.149e-06	7.7984e-05	4.02e-06	6.6834e-05	4.314e-08	3.328e-06	3.9734e-07	1.941e-05	1.419e-05	0.001346	3.736e-06	7.956e-05
6.6814e-06	0.0039742	1.5431e+07	148.71	2.2971e+17	5.8968e-05	0.36271	0.62133	9.2365e-06	8.3881e-06	1.907e-06	0.004065	8.282e-08	0.0064079	0.00036953	1.642e-05	0.001485	3.661e-05	0.00070439	6.211e-05	0.0007773	7.13e-06	0.0003874	5.149e-06	7.7989e-05	4.02e-06	6.6839e-05	4.314e-08	3.328e-06	3.9739e-07	1.941e-05	1.419e-05	0.001346	3.736e-06	7.956e-05
8.4316e-06	0.0042914	1.543e+07	148.7	2.2964e+17	7.1654e-05	0.36279	0.62125	9.2434e-06	8.3874e-06	1.907e-06	0.004065	8.2826e-08	0.0064086	0.00036915	1.642e-05	0.001485	3.661e-05	0.0007044	6.211e-05	0.0007773	7.13e-06	0.0003874	5.149e-06	7.799e-05	4.02e-06	6.684e-05	4.314e-08	3.328e-06	3.974e-07	1.941e-05	1.419e-05	0.001346	3.7366e-06	7.956e-05
1.0563e-05	0.0046338	1.543e+07	148.67	2.296e+17	8.8029e-05	0.36288	0.62116	9.2509e-06	8.3865e-06	1.9067e-06	0.004065	8.283e-08	0.0064093	0.00036869	1.642e-05	0.001485	3.661e-05	0.0007044	6.211e-05	0.0007773	7.13e-06	0.0003874	5.1493e-06	7.799e-05	4.02e-06	6.684e-05	4.314e-08	3.328e-06	3.974e-07	1.941e-05	1.419e-05	0.001346	3.737e-06	7.956e-05
1.3232e-05	0.0050036	1.543e+07	148.6	2.296e+17	0.00011029	0.36298	0.62106	9.2591e-06	8.385e-06	1.906e-06	0.004065	8.283e-08	0.00641	0.00036809	1.642e-05	0.001485	3.661e-05	0.0007044	6.211e-05	0.0007773	7.13e-06	0.0003874	5.15e-06	7.799e-05	4.02e-06	6.684e-05	4.314e-08	3.328e-06	3.974e-07	1.941e-05	1.419e-05	0.001346	3.737e-06	7.956e-05
1.6745e-05	0.0054029	1.543e+07	148.6	2.2952e+17	0.00014223	0.3631	0.62094	9.2695e-06	8.3842e-06	1.906e-06	0.004065	8.283e-08	0.0064108	0.00036746	1.642e-05	0.001485	3.661e-05	0.0007044	6.211e-05	0.0007773	7.13e-06	0.0003874	5.15e-06	7.799e-05	4.02e-06	6.684e-05	4.314e-08	3.328e-06	3.974e-07	1.941e-05	1.419e-05	0.001346	3.737e-06	7.956e-05
2.1074e-05	0.005834	1.543e+07	148.53	2.2943e+17	0.00017672	0.36324	0.6208	9.2814e-06	8.3827e-06	1.906e-06	0.004065	8.283e-08	0.006411	0.00036677	1.642e-05	0.001485	3.661e-05	0.0007044	6.211e-05	0.0007773	7.13e-06	0.0003874	5.15e-06	7.799e-05	4.02e-06	6.684e-05	4.314e-08	3.328e-06	3.974e-07	1.941e-05	1.419e-05	0.001346	3.737e-06	7.956e-05
2.6515e-05	0.0062996	1.543e+07	148.5	2.2934e+17	0.00021996	0.36341	0.62063	9.295e-06	8.3802e-06	1.9054e-06	0.004065	8.2836e-08	0.0064116	0.0003659	1.642e-05	0.001485	3.661e-05	0.0007044	6.211e-05	0.0007773	7.13e-06	0.0003874	5.15e-06	7.799e-05	4.02e-06	6.684e-05	4.314e-08	3.328e-06	3.974e-07	1.941e-05	1.419e-05	0.001346	3.737e-06	7.956e-05
3.3353e-05	0.0068023	1.5424e+07	148.44	2.2924e+17	0.00027628	0.3636	0.62044	9.3113e-06	8.3778e-06	1.9044e-06	0.004065	8.284e-08	0.0064126	0.0003649	1.642e-05	0.001485	3.661e-05	0.0007044	6.211e-05	0.0007773	7.13e-06	0.0003874	5.1494e-06	7.799e-05	4.02e-06	6.684e-05	4.314e-08	3.328e-06	3.974e-07	1.941e-05	1.419e-05	0.001346	3.737e-06	7.956e-05
4.193e-05	0.0073452	1.542e+07	148.33	2.2913e+17	0.00034832	0.36382	0.62022	9.3304e-06	8.3749e-06	1.904e-06	0.004065	8.284e-08	0.0064137	0.00036374	1.642e-05	0.001485	3.661e-05	0.0007044	6.211e-05	0.0007773	7.13e-06	0.0003874	5.149e-06	7.799e-05	4.02e-06	6.684e-05	4.314e-08	3.328e-06	3.974e-07	1.941e-05	1.419e-05	0.001346	3.737e-06	7.956e-05
5.2695e-05	0.0079313	1.542e+07	148.21	2.2901e+17	0.00043901	0.36408	0.61996	9.3524e-06	8.3723e-06	1.9031e-06	0.004065	8.284e-08	0.0064157	0.00036236	1.642e-05	0.001485	3.661e-05	0.0007044	6.211e-05	0.0007773	7.13e-06	0.0003874	5.149e-06	7.799e-05	4.02e-06	6.684e-05	4.314e-08	3.328e-06	3.974e-07	1.941e-05	1.419e-05	0.001346	3.7361e-06	7.956e-05
6.6254e-05	0.0085642	1.5419e+07	148.09	2.2887e+17	0.00055413	0.36438	0.61966	9.3777e-06	8.3685e-06	1.9029e-06	0.004065	8.284e-08	0.0064171	0.00036073	1.642e-05	0.001485	3.661e-05	0.0007044	6.211e-05	0.0007773	7.13e-06	0.0003874	5.149e-06	7.798e-05	4.02e-06	6.684e-05	4.314e-08	3.328e-06	3.974e-07	1.941e-05	1.419e-05	0.001346	3.736e-06	7.956e-05
8.3487e-05	0.0092477	1.541e+07	147.95	2.2865e+17	0.00070449	0.36473	0.61931	9.4074e-06	8.3635e-06	1.9015e-06	0.004065	8.2845e-08	0.0064185	0.00035891	1.642e-05	0.001485	3.661e-05	0.0007044	6.211e-05	0.0007773	7.13e-06	0.0003874	5.149e-06	7.798e-05	4.02e-06	6.6835e-05	4.314e-08	3.328e-06	3.9735e-07	1.941e-05	1.419e-05	0.001346	3.736e-06	7.956e-05
0.00010477	0.0099856	1.541e+07	147.8	2.285e+17	0.00088627	0.36514	0.6189	9.4423e-06	8.3591e-06	1.9e-06	0.004065	8.285e-08	0.0064209	0.00035684	1.642e-05	0.001485	3.661e-05	0.0007044	6.211e-05	0.0007773	7.13e-06	0.0003874	5.149e-06	7.798e-05	4.02e-06	6.683e-05	4.314e-08	3.328e-06	3.973e-07	1.941e-05	1.419e-05	0.001346	3.736e-06	7.956e-05
0.00013208	0.010783	1.54e+07	147.64	2.2819e+17	0.0011104	0.36563	0.61842	9.4833e-06	8.3527e-06	1.899e-06	0.004065	8.285e-08	0.0064231	0.0003543	1.642e-05	0.001485	3.661e-05	0.0007043	6.211e-05	0.0007773	7.13e-06	0.0003874	5.149e-06	7.798e-05	4.02e-06	6.683e-05	4.314e-08	3.328e-06	3.973e-07	1.941e-05	1.419e-05	0.001346	3.736e-06	7.956e-05
0.000166	0.011643	1.5397e+07	147.44	2.2794e+17	0.0013915	0.36618	0.61786	9.5313e-06	8.3459e-06	1.8977e-06	0.004065	8.286e-08	0.0064256	0.00035149	1.642e-05	0.001485	3.661e-05	0.0007043	6.211e-05	0.0007773	7.13e-06	0.0003874	5.149e-06	7.798e-05	4.02e-06	6.683e-05	4.314e-08	3.3277e-06	3.973e-07	1.941e-05	1.419e-05	0.001346	3.736e-06	7.9557e-05
0.00020876	0.012572	1.5389e+07	147.19	2.2757e+17	0.0017503	0.36682	0.61722	9.5866e-06	8.3374e-06	1.8959e-06	0.004065	8.286e-08	0.0064283	0.00034823	1.642e-05	0.001485	3.661e-05	0.0007043	6.211e-05	0.00077729	7.13e-06	0.00038739	5.149e-06	7.798e-05	4.02e-06	6.683e-05	4.314e-08	3.327e-06	3.973e-07	1.941e-05	1.419e-05	0.001346	3.736e-06	7.955e-05
0.00026246	0.013575	1.538e+07	146.88	2.2717e+17	0.0021977	0.36758	0.61647	9.6513e-06	8.3282e-06	1.8937e-06	0.0040648	8.287e-08	0.0064323	0.0003444	1.642e-05	0.001485	3.661e-05	0.0007043	6.211e-05	0.0007772	7.1298e-06	0.0003873	5.149e-06	7.798e-05	4.02e-06	6.683e-05	4.314e-08	3.327e-06	3.973e-07	1.941e-05	1.419e-05	0.001346	3.736e-06	7.955e-05
0.00033009	0.014659	1.537e+07	146.57	2.2674e+17	0.002762	0.36845	0.61559	9.7277e-06	8.3174e-06	1.8907e-06	0.004064	8.287e-08	0.0064363	0.00034003	1.642e-05	0.001485	3.661e-05	0.0007043	6.2107e-05	0.0007772	7.129e-06	0.0003873	5.149e-06	7.798e-05	4.02e-06	6.683e-05	4.314e-08	3.327e-06	3.973e-07	1.941e-05	1.419e-05	0.001346	3.736e-06	7.955e-05
0.00041492	0.015828	1.536e+07	146.23	2.2627e+17	0.0034702	0.36947	0.61457	9.8173e-06	8.3047e-06	1.8883e-06	0.004064	8.288e-08	0.006441	0.00033495	1.642e-05	0.001485	3.661e-05	0.0007043	6.21e-05	0.0007772	7.129e-06	0.0003873	5.149e-06	7.797e-05	4.02e-06	6.683e-05	4.3133e-08	3.327e-06	3.973e-07	1.941e-05	1.419e-05	0.001346	3.736e-06	7.955e-05
0.00052126	0.017092	1.5348e+07	145.76	2.2565e+17	0.0043514	0.37065	0.61339	9.9211e-06	8.2899e-06	1.8848e-06	0.004064	8.289e-08	0.0064464	0.00032918	1.6418e-05	0.001485	3.661e-05	0.0007042	6.21e-05	0.0007772	7.129e-06	0.0003873	5.148e-06	7.797e-05	4.02e-06	6.682e-05	4.313e-08	3.327e-06	3.973e-07	1.941e-05	1.419e-05	0.001346	3.736e-06	7.954e-05
0.00065481	0.018455	1.5331e+07	145.22	2.2493e+17	0.0054617	0.37202	0.61202	1.0046e-05	8.2726e-06	1.8811e-06	0.0040631	8.29e-08	0.0064518	0.00032261	1.641e-05	0.001485	3.661e-05	0.0007042	6.21e-05	0.0007771	7.129e-06	0.0003873	5.148e-06	7.797e-05	4.019e-06	6.682e-05	4.313e-08	3.327e-06	3.973e-07	1.941e-05	1.419e-05	0.001346	3.736e-06	7.954e-05
0.00082238	0.019928	1.5311e+07	144.63	2.2414e+17	0.0068397	0.37362	0.61043	1.0183e-05	8.253e-06	1.8763e-06	0.004063	8.291e-08	0.0064587	0.00031507	1.641e-05	0.001485	3.66e-05	0.0007042	6.21e-05	0.0007771	7.128e-06	0.0003873	5.148e-06	7.7961e-05	4.019e-06	6.682e-05	4.313e-08	3.327e-06	3.9721e-07	1.941e-05	1.419e-05	0.001346	3.7351e-06	7.954e-05
0.0010324	0.021519	1.529e+07	143.99	2.2319e+17	0.0085623	0.37547	0.60858	1.0352e-05	8.2297e-06	1.8709e-06	0.004063	8.293e-08	0.0064671	0.0003065	1.641e-05	0.001484	3.66e-05	0.0007041	6.209e-05	0.0007771	7.128e-06	0.0003873	5.148e-06	7.796e-05	4.019e-06	6.681e-05	4.313e-08	3.327e-06	3.972e-07	1.941e-05	1.419e-05	0.001346	3.735e-06	7.953e-05
0.0012959	0.023236	1.5265e+07	143.21	2.2206e+17	0.010721	0.37761	0.60644	1.0558e-05	8.2032e-06	1.8651e-06	0.004062	8.294e-08	0.0064754	0.00029683	1.641e-05	0.001484	3.66e-05	0.0007041	6.209e-05	0.000777	7.127e-06	0.0003872	5.147e-06	7.7955e-05	4.019e-06	6.681e-05	4.312e-08	3.326e-06	3.972e-07	1.94e-05	1.418e-05	0.001346	3.735e-06	7.953e-05
0.001625	0.02509	1.5238e+07	142.35	2.2083e+17	0.0134	0.38009	0.60396	1.0791e-05	8.1724e-06	1.8576e-06	0.004062	8.2962e-08	0.0064855	0.00028596	1.641e-05	0.001484	3.66e-05	0.000704	6.208e-05	0.0007769	7.127e-06	0.0003872	5.147e-06	7.795e-05	4.018e-06	6.68e-05	4.312e-08	3.326e-06	3.972e-07	1.94e-05	1.418e-05	0.0013458	3.735e-06	7.952e-05
0.0020369	0.027092	1.5208e+07	141.24	2.1943e+17	0.016726	0.38295	0.6011	1.1063e-05	8.1363e-06	1.8496e-06	0.004061	8.2982e-08	0.0064966	0.00027383	1.641e-05	0.001484	3.659e-05	0.000704	6.208e-05	0.0007769	7.126e-06	0.0003872	5.1468e-06	7.794e-05	4.018e-06	6.68e-05	4.312e-08	3.326e-06	3.971e-07	1.94e-05	1.418e-05	0.001345	3.734e-06	7.951e-05
0.0025513	0.029254	1.5165e+07	140.05	2.177e+17	0.020859	0.38625	0.5978	1.1386e-05	8.0949e-06	1.841e-06	0.0040605	8.3015e-08	0.0065085	0.00026032	1.64e-05	0.001484	3.659e-05	0.0007039	6.207e-05	0.0007768	7.1255e-06	0.0003871	5.146e-06	7.793e-05	4.018e-06	6.679e-05	4.311e-08	3.325e-06	3.971e-07	1.94e-05	1.418e-05	0.001345	3.734e-06	7.9505e-05
0.0031929	0.031589	1.5128e+07	138.75	2.1581e+17	0.025959	0.39006	0.594	1.1766e-05	8.048e-06	1.8296e-06	0.00406	8.3042e-08	0.0065215	0.00024543	1.64e-05	0.001484	3.658e-05	0.0007038	6.206e-05	0.0007767	7.1248e-06	0.0003871	5.145e-06	7.792e-05	4.017e-06	6.678e-05	4.311e-08	3.325e-06	3.97e-07	1.94e-05	1.418e-05	0.001345	3.733e-06	7.9498e-05
0.0039926	0.03411	1.5078e+07	137.13	2.1359e+17	0.032264	0.39443	0.58963	1.2222e-05	7.9934e-06	1.8173e-06	0.004059	8.3082e-08	0.0065357	0.0002292	1.64e-05	0.001483	3.658e-05	0.0007037	6.205e-05	0.0007766	7.1238e-06	0.000387	5.1448e-06	7.791e-05	4.0168e-06	6.677e-05	4.31e-08	3.3248e-06	3.97e-07	1.939e-05	1.418e-05	0.001345	3.733e-06	7.9488e-05
0.0049871	0.036831	1.5017e+07	135.4	2.1107e+17	0.040004	0.39945	0.58462	1.2766e-05	7.93e-06	1.803e-06	0.004058	8.3127e-08	0.006551	0.00021178	1.639e-05	0.001483	3.657e-05	0.0007036	6.204e-05	0.0007764	7.122e-06	0.0003869	5.1433e-06	7.79e-05	4.016e-06	6.676e-05	4.309e-08	3.324e-06	3.969e-07	1.939e-05	1.417e-05	0.001345	3.732e-06	7.947e-05
0.0062216	0.039771	1.4955e+07	133.38	2.0823e+17	0.049486	0.40519	0.57888	1.3405e-05	7.858e-06	1.7864e-06	0.004057	8.3175e-08	0.0065666	0.00019312	1.639e-05	0.0014825	3.656e-05	0.0007034	6.203e-05	0.00077625	7.1205e-06	0.00038685	5.1425e-06	7.788e-05	4.015e-06	6.6745e-05	4.308e-08	3.323e-06	3.968e-07	1.939e-05	1.417e-05	0.001344	3.731e-06	7.945e-05
0.0077515	0.042944	1.4872e+07	131.14	2.0496e+17	0.061048	0.41173	0.57235	1.4176e-05	7.7754e-06	1.7683e-06	0.0040551	8.3229e-08	0.0065828	0.00017353	1.638e-05	0.001482	3.6551e-05	0.00070321	6.201e-05	0.0007761	7.119e-06	0.0003868	5.141e-06	7.786e-05	4.014e-06	6.673e-05	4.307e-08	3.322e-06	3.967e-07	1.938e-05	1.417e-05	0.001344	3.7301e-06	7.943e-05
0.0096436	0.046371	1.4785e+07	128.6	2.0125e+17	0.075075	0.41916	0.56492	1.5094e-05	7.6816e-06	1.7468e-06	0.004054	8.3297e-08	0.0065995	0.00015335	1.638e-05	0.0014813	3.6543e-05	0.00070303	6.1993e-05	0.00077583	7.117e-06	0.00038663	5.14e-06	7.784e-05	4.013e-06	6.671e-05	4.306e-08	3.321e-06	3.966e-07	1.9373e-05	1.416e-05	0.001344	3.7293e-06	7.941e-05
0.011976	0.050072	1.4689e+07	125.76	1.9711e+17	0.091987	0.42757	0.55652	1.6212e-05	7.5738e-06	1.7224e-06	0.004052	8.3371e-08	0.0066153	0.00013293	1.637e-05	0.001481	3.653e-05	0.00070279	6.197e-05	0.00077559	7.114e-06	0.0003865	5.1379e-06	7.7809e-05	4.011e-06	6.6689e-05	4.304e-08	3.32e-06	3.9649e-07	1.937e-05	1.416e-05	0.001343	3.728e-06	7.9379e-05
0.014841	0.054068	1.4577e+07	122.65	1.9242e+17	0.11222	0.43702	0.54708	1.7553e-05	7.452e-06	1.6946e-06	0.00405	8.3461e-08	0.0066311	0.00011277	1.636e-05	0.00148	3.6519e-05	0.00070249	6.1949e-05	0.0007752	7.111e-06	0.0003863	5.1359e-06	7.7779e-05	4.0099e-06	6.6659e-05	4.3029e-08	3.319e-06	3.963e-07	1.936e-05	1.415e-05	0.0013429	3.726e-06	7.9349e-05
0.018356	0.058382	1.4445e+07	119.19	1.8724e+17	0.1363	0.44762	0.53649	1.9183e-05	7.3148e-06	1.6637e-06	0.004048	8.3558e-08	0.0066445	9.3329e-05	1.635e-05	0.001479	3.65e-05	0.00070212	6.1912e-05	0.00077482	7.1072e-06	0.00038612	5.133e-06	7.774e-05	4.0072e-06	6.6622e-05	4.3002e-08	3.317e-06	3.961e-07	1.935e-05	1.4142e-05	0.001342	3.725e-06	7.9302e-05
0.022646	0.063041	1.4298e+07	115.47	1.8145e+17	0.16466	0.45941	0.52471	2.1179e-05	7.1596e-06	1.6287e-06	0.004045	8.3661e-08	0.0066561	7.5124e-05	1.633e-05	0.001478	3.6479e-05	0.0007017	6.1879e-05	0.00077439	7.103e-06	0.0003859	5.13e-06	7.769e-05	4.005e-06	6.6589e-05	4.298e-08	3.315e-06	3.9589e-07	1.934e-05	1.414e-05	0.001341	3.722e-06	7.926e-05
0.027868	0.068072	1.4137e+07	111.34	1.751e+17	0.19776	0.47242	0.5117	2.3637e-05	6.9855e-06	1.5884e-06	0.0040419	8.3781e-08	0.0066651	5.8668e-05	1.632e-05	0.001476	3.645e-05	0.0007012	6.1839e-05	0.00077389	7.0989e-06	0.00038569	5.1269e-06	7.7639e-05	4.002e-06	6.654e-05	4.295e-08	3.313e-06	3.956e-07	1.9329e-05	1.413e-05	0.00134	3.72e-06	7.9209e-05
0.034194	0.073504	1.395e+07	106.9	1.6809e+17	0.23597	0.48669	0.49745	2.6693e-05	6.7928e-06	1.545e-06	0.004038	8.391e-08	0.006672	4.432e-05	1.63e-05	0.001475	3.642e-05	0.0007007	6.179e-05	0.0007733	7.093e-06	0.0003854	5.123e-06	7.758e-05	3.999e-06	6.649e-05	4.292e-08	3.31e-06	3.953e-07	1.931e-05	1.412e-05	0.001339	3.717e-06	7.914e-05
0.041825	0.07937	1.3735e+07	102.2	1.6056e+17	0.2795	0.50218	0.48198	3.0519e-05	6.5787e-06	1.4963e-06	0.004034	8.4067e-08	0.006675	3.2331e-05	1.628e-05	0.001473	3.639e-05	0.0007001	6.1733e-05	0.0007726	7.087e-06	0.000385	5.118e-06	7.7513e-05	3.996e-06	6.643e-05	4.288e-08	3.3073e-06	3.9493e-07	1.9293e-05	1.41e-05	0.001338	3.714e-06	7.9073e-05
0.050987	0.085704	1.3506e+07	97.231	1.5236e+17	0.32843	0.51879	0.46538	3.5347e-05	6.3427e-06	1.443e-06	0.004029	8.4234e-08	0.006675	2.2779e-05	1.6256e-05	0.001471	3.6356e-05	0.0006994	6.1676e-05	0.00077186	7.08e-06	0.00038466	5.113e-06	7.7436e-05	3.992e-06	6.6366e-05	4.284e-08	3.304e-06	3.9456e-07	1.9276e-05	1.409e-05	0.001337	3.71e-06	7.9e-05
0.06193	0.092543	1.3248e+07	92.007	1.4355e+17	0.38251	0.5364	0.44779	4.1523e-05	6.0844e-06	1.3846e-06	0.004023	8.4421e-08	0.0066709	1.5593e-05	1.623e-05	0.0014689	3.6319e-05	0.0006986	6.1609e-05	0.00077099	7.072e-06	0.0003842	5.107e-06	7.7349e-05	3.9879e-06	6.629e-05	4.279e-08	3.3009e-06	3.941e-07	1.925e-05	1.407e-05	0.001335	3.706e-06	7.8909e-05
0.074929	0.099928	1.2971e+07	86.572	1.343e+17	0.4412	0.55477	0.42944	4.9517e-05	5.8037e-06	1.3206e-06	0.0040171	8.4619e-08	0.0066631	1.0499e-05	1.62e-05	0.001466	3.627e-05	0.00069771	6.153e-05	0.00077	7.0631e-06	0.00038371	5.101e-06	7.7251e-05	3.9821e-06	6.621e-05	4.2731e-08	3.2961e-06	3.936e-07	1.923e-05	1.406e-05	0.0013331	3.7011e-06	7.8811e-05
0.090283	0.1079	1.2662e+07	80.978	1.2462e+17	0.50359	0.57367	0.41056	6.0008e-05	5.4997e-06	1.251e-06	0.0040102	8.4848e-08	0.0066532	7.1046e-06	1.616e-05	0.001463	3.622e-05	0.00069672	6.1442e-05	0.00076892	7.0532e-06	0.0003832	5.094e-06	7.7142e-05	3.977e-06	6.6112e-05	4.2672e-08	3.292e-06	3.931e-07	1.92e-05	1.404e-05	0.001332	3.696e-06	7.87e-05
0.10831	0.11651	1.2319e+07	75.262	1.1449e+17	0.56835	0.59274	0.3915	7.3984e-05	5.1725e-06	1.1769e-06	0.004003	8.51e-08	0.006641	5.0027e-06	1.612e-05	0.00146	3.616e-05	0.0006957	6.135e-05	0.0007678	7.043e-06	0.0003826	5.086e-06	7.703e-05	3.971e-06	6.601e-05	4.261e-08	3.287e-06	3.925e-07	1.917e-05	1.402e-05	0.00133	3.691e-06	7.858e-05
0.12932	0.12581	1.1958e+07	69.473	1.0413e+17	0.63378	0.6116	0.37266	9.2919e-05	4.8526e-06	1.1054e-06	0.003995	8.5376e-08	0.0066264	3.8024e-06	1.6084e-05	0.0014564	3.6104e-05	0.00069454	6.125e-05	0.0007665	7.031e-06	0.000382	5.078e-06	7.69e-05	3.9644e-06	6.5904e-05	4.254e-08	3.2814e-06	3.918e-07	1.914e-05	1.399e-05	0.001327	3.6844e-06	7.8454e-05
0.15365	0.13585	1.1566e+07	63.643	9.3639e+16	0.69789	0.62983	0.35444	0.00011905	1.1771e-05	3.1264e-06	0.0039759	8.5449e-08	0.0066103	3.1703e-06	1.604e-05	0.001453	3.604e-05	0.00069333	6.114e-05	0.00076513	7.0183e-06	0.0003813	5.069e-06	7.6763e-05	3.9573e-06	6.579e-05	4.2463e-08	3.2753e-06	3.9113e-07	1.911e-05	1.397e-05	0.001325	3.678e-06	7.8313e-05
0.1816	0.14669	1.1152e+07	57.814	8.3113e+16	0.75863	0.64701	0.33729	0.00015593	0.00016349	4.7006e-05	0.0037398	8.0798e-08	0.0065926	2.8659e-06	1.5996e-05	0.001449	3.5976e-05	0.00069206	6.1026e-05	0.00076376	7.0056e-06	0.0003806	5.0596e-06	7.6626e-05	3.95e-06	6.5666e-05	4.239e-08	3.2696e-06	3.904e-07	1.907e-05	1.394e-05	0.001323	3.671e-06	7.817e-05
0.21341	0.1584	1.0714e+07	52.029	7.2725e+16	0.81414	0.66282	0.32158	0.00020897	0.0007883	0.00022517	0.0028044	6.059e-08	0.006575	2.7308e-06	1.595e-05	0.001445	3.591e-05	0.0006908	6.0912e-05	0.0007623	6.9922e-06	0.0003799	5.05e-06	7.648e-05	3.943e-06	6.5542e-05	4.231e-08	3.2632e-06	3.897e-07	1.904e-05	1.392e-05	0.00132	3.6642e-06	7.8022e-05
0.24926	0.17104	1.0258e+07	46.324	6.2641e+16	0.8627	0.67687	0.30766	0.00028688	0.0016522	0.00040045	0.0015951	3.4058e-08	0.0065569	2.6748e-06	1.59e-05	0.001441	3.584e-05	0.00068949	6.08e-05	0.00076089	6.979e-06	0.0003792	5.0409e-06	7.6339e-05	3.935e-06	6.542e-05	4.223e-08	3.257e-06	3.8899e-07	1.9e-05	1.389e-05	0.001318	3.6579e-06	7.7879e-05
0.2892	0.18469	9.784e+06	40.745	5.3006e+16	0.90305	0.68886	0.29569	0.00040428	0.0022506	0.00032179	0.00097103	2.3335e-08	0.0065386	2.6506e-06	1.5856e-05	0.001437	3.577e-05	0.00068816	6.0686e-05	0.00075946	6.966e-06	0.0003785	5.031e-06	7.619e-05	3.928e-06	6.53e-05	4.215e-08	3.251e-06	3.882e-07	1.897e-05	1.386e-05	0.001315	3.6506e-06	7.773e-05
0.33313	0.19943	9.2994e+06	35.345	4.4002e+16	0.93491	0.6987	0.28574	0.00058592	0.0025233	0.00016014	0.00081648	2.9619e-07	0.006521	2.638e-06	1.581e-05	0.001433	3.5701e-05	0.0006869	6.057e-05	0.000758	6.953e-06	0.0003778	5.0211e-06	7.605e-05	3.9201e-06	6.518e-05	4.207e-08	3.245e-06	3.875e-07	1.893e-05	1.384e-05	0.001313	3.644e-06	7.7581e-05
0.38072	0.21534	8.8078e+06	30.171	3.5763e+16	0.95875	0.70647	0.27772	0.00087635	0.0026167	7.2918e-05	0.0007903	1.194e-06	0.0065033	2.629e-06	1.576e-05	0.0014293	3.564e-05	0.0006856	6.046e-05	0.0007566	6.94e-06	0.00037703	5.012e-06	7.591e-05	3.913e-06	6.5053e-05	4.199e-08	3.239e-06	3.868e-07	1.8893e-05	1.381e-05	0.00131	3.637e-06	7.744e-05
0.43143	0.23252	8.3123e+06	25.304	2.8411e+16	0.97562	0.71236	0.27138	0.0013609	0.00264	4.2788e-05	0.0007847	1.7344e-06	0.006486	2.621e-06	1.572e-05	0.001426	3.557e-05	0.0006844	6.035e-05	0.0007552	6.928e-06	0.0003764	5.003e-06	7.577e-05	3.906e-06	6.494e-05	4.192e-08	3.233e-06	3.861e-07	1.886e-05	1.379e-05	0.001308	3.63e-06	7.73e-05
0.48447	0.25108	7.8189e+06	20.812	2.2034e+16	0.98696	0.71659	0.26633	0.0022177	0.002641	3.4454e-05	0.00078198	1.8843e-06	0.006469	2.614e-06	1.567e-05	0.001422	3.551e-05	0.0006831	6.024e-05	0.00075388	6.915e-06	0.0003757	4.994e-06	7.563e-05	3.899e-06	6.482e-05	4.184e-08	3.227e-06	3.854e-07	1.883e-05	1.376e-05	0.0013058	3.624e-06	7.716e-05
0.5388	0.27112	7.3292e+06	16.759	1.6652e+16	0.99393	0.71951	0.26238	0.0032818	0.002636	3.2445e-05	0.0007798	1.9112e-06	0.0064528	2.607e-06	1.5628e-05	0.001418	3.545e-05	0.0006819	6.013e-05	0.00075258	6.903e-06	0.000375	4.985e-06	7.55e-05	3.892e-06	6.4708e-05	4.177e-08	3.222e-06	3.847e-07	1.879e-05	1.374e-05	0.001303	3.6178e-06	7.7028e-05
0.59328	0.29275	6.849e+06	13.195	1.2265e+16	0.99701	0.722	0.26036	0.0028569	0.0026295	3.197e-05	0.0007779	1.912e-06	0.006437	2.6e-06	1.558e-05	0.001415	3.539e-05	0.0006808	6.003e-05	0.0007513	6.8915e-06	0.0003744	4.977e-06	7.5375e-05	3.886e-06	6.46e-05	4.17e-08	3.216e-06	3.841e-07	1.876e-05	1.3715e-05	0.001301	3.611e-06	7.69e-05
0.64665	0.31611	6.3807e+06	10.146	8.7948e+15	0.99815	0.72413	0.25943	0.0016852	0.002623	3.182e-05	0.00077608	1.908e-06	0.006422	2.594e-06	1.554e-05	0.001412	3.533e-05	0.0006797	5.994e-05	0.0007501	6.881e-06	0.0003738	4.969e-06	7.526e-05	3.88e-06	6.45e-05	4.163e-08	3.211e-06	3.835e-07	1.873e-05	1.369e-05	0.001299	3.606e-06	7.678e-05
0.69775	0.34134	5.9269e+06	7.6267	6.1447e+15	0.99866	0.72573	0.25866	0.00088867	0.002617	3.173e-05	0.0007743	1.904e-06	0.006408	2.588e-06	1.551e-05	0.001409	3.528e-05	0.00067873	5.985e-05	0.000749	6.871e-06	0.0003733	4.962e-06	7.515e-05	3.874e-06	6.4403e-05	4.157e-08	3.207e-06	3.829e-07	1.871e-05	1.367e-05	0.001297	3.601e-06	7.6663e-05
0.74559	0.36858	5.4887e+06	5.6051	4.1844e+15	0.99887	0.72697	0.25789	0.00044942	0.002611	3.165e-05	0.0007725	1.899e-06	0.006393	2.582e-06	1.547e-05	0.001406	3.523e-05	0.0006777	5.976e-05	0.0007479	6.86e-06	0.0003727	4.954e-06	7.503e-05	3.868e-06	6.4308e-05	4.151e-08	3.202e-06	3.823e-07	1.868e-05	1.365e-05	0.001295	3.595e-06	7.6548e-05
0.78936	0.39799	5.0671e+06	4.0313	2.7793e+15	0.99895	0.72801	0.2571	0.00022554	0.002605	3.157e-05	0.0007707	1.894e-06	0.006379	2.576e-06	1.543e-05	0.001402	3.518e-05	0.0006767	5.967e-05	0.0007468	6.85e-06	0.0003722	4.947e-06	7.492e-05	3.862e-06	6.421e-05	4.145e-08	3.197e-06	3.817e-07	1.865e-05	1.363e-05	0.001293	3.59e-06	7.643e-05
0.8286	0.42975	4.662e+06	2.8399	1.8029e+15	0.99897	0.72896	0.25629	0.00011759	0.0025985	3.148e-05	0.0007689	1.889e-06	0.006364	2.569e-06	1.539e-05	0.001399	3.512e-05	0.0006757	5.958e-05	0.0007457	6.84e-06	0.0003716	4.94e-06	7.481e-05	3.857e-06	6.412e-05	4.1385e-08	3.192e-06	3.812e-07	1.862e-05	1.361e-05	0.001291	3.584e-06	7.632e-05
0.86305	0.46405	4.2735e+06	1.962	1.1423e+15	0.99897	0.72984	0.25549	6.8718e-05	0.0025929	3.1409e-05	0.0007672	1.885e-06	0.0063509	2.564e-06	1.535e-05	0.0013969	3.508e-05	0.0006748	5.9509e-05	0.0007447	6.831e-06	0.0003711	4.933e-06	7.471e-05	3.852e-06	6.403e-05	4.133e-08	3.188e-06	3.807e-07	1.86e-05	1.359e-05	0.00129	3.58e-06	7.622e-05
0.89276	0.50108	3.9002e+06	1.33	7.0759e+14	0.99896	0.73074	0.25464	4.7893e-05	0.002586	3.1328e-05	0.0007655	1.88e-06	0.0063368	2.558e-06	1.531e-05	0.001394	3.503e-05	0.0006739	5.943e-05	0.0007437	6.822e-06	0.0003706	4.927e-06	7.461e-05	3.846e-06	6.3948e-05	4.1278e-08	3.184e-06	3.802e-07	1.857e-05	1.358e-05	0.001288	3.575e-06	7.612e-05
0.9179	0.54107	3.5385e+06	0.88652	4.2816e+14	0.99894	0.73172	0.2537	3.9632e-05	0.00258	3.124e-05	0.0007637	1.876e-06	0.006322	2.552e-06	1.528e-05	0.001391	3.4989e-05	0.000673	5.935e-05	0.0007427	6.813e-06	0.00037019	4.92e-06	7.452e-05	3.8419e-06	6.386e-05	4.122e-08	3.18e-06	3.797e-07	1.855e-05	1.356e-05	0.001286	3.57e-06	7.602e-05
0.93882	0.58424	3.1831e+06	0.58104	2.5267e+14	0.99893	0.73273	0.25272	3.66e-05	0.002575	3.117e-05	0.0007622	1.872e-06	0.006311	2.547e-06	1.524e-05	0.001388	3.495e-05	0.0006724	5.93e-05	0.0007421	6.807e-06	0.0003698	4.916e-06	7.445e-05	3.838e-06	6.381e-05	4.119e-08	3.177e-06	3.793e-07	1.853e-05	1.355e-05	0.001285	3.567e-06	7.595e-05
0.95596	0.63087	2.8241e+06	0.37495	1.4474e+14	0.99893	0.73353	0.2519	3.5583e-05	0.002575	3.116e-05	0.0007625	1.872e-06	0.0063147	2.548e-06	1.525e-05	0.00139	3.499e-05	0.00067317	5.936e-05	0.00074287	6.814e-06	0.0003702	4.921e-06	7.453e-05	3.842e-06	6.387e-05	4.123e-08	3.18e-06	3.797e-07	1.855e-05	1.356e-05	0.001286	3.571e-06	7.603e-05
0.96979	0.68121	2.4333e+06	0.23864	7.9632e+13	0.99892	0.73773	0.24762	3.4986e-05	0.0025806	3.1192e-05	0.00076559	1.8776e-06	0.0063497	2.5596e-06	1.5306e-05	0.0014006	3.5286e-05	0.00067877	5.9852e-05	0.00074907	6.8712e-06	0.00037326	4.9622e-06	7.5147e-05	3.8742e-06	6.4407e-05	4.1572e-08	3.2066e-06	3.8292e-07	1.8706e-05	1.3676e-05	0.001297	3.6006e-06	7.6667e-05
0.98082	0.73557	1.9353e+06	0.15221	4.0873e+13	0.99891	0.75488	0.23164	3.313e-05	0.002366	2.854e-05	0.0007009	1.716e-06	0.005806	2.337e-06	1.396e-05	0.001278	3.306e-05	0.000636	5.609e-05	0.0007019	6.438e-06	0.0003498	4.65e-06	7.042e-05	3.63e-06	6.035e-05	3.895e-08	3.005e-06	3.588e-07	1.753e-05	1.281e-05	0.001216	3.374e-06	7.184e-05
0.98962	0.79427	1.3953e+06	0.092717	1.7904e+13	0.99891	0.75488	0.23164	3.313e-05	0.002366	2.854e-05	0.0007009	1.716e-06	0.005806	2.337e-06	1.396e-05	0.001278	3.306e-05	0.000636	5.609e-05	0.0007019	6.438e-06	0.0003498	4.65e-06	7.042e-05	3.63e-06	6.035e-05	3.895e-08	3.005e-06	3.588e-07	1.753e-05	1.281e-05	0.001216	3.374e-06	7.184e-05
0.99587	0.85765	8.9025e+05	0.046907	5.7541e+12	0.99891	0.75488	0.23164	3.313e-05	0.002366	2.854e-05	0.0007009	1.716e-06	0.005806	2.337e-06	1.396e-05	0.001278	3.306e-05	0.000636	5.609e-05	0.0007019	6.438e-06	0.0003498	4.65e-06	7.042e-05	3.63e-06	6.035e-05	3.895e-08	3.005e-06	3.588e-07	1.753e-05	1.281e-05	0.001216	3.374e-06	7.184e-05
0.99924	0.9261	4.1848e+05	0.014895	8.4961e+11	0.99891	0.75488	0.23164	3.313e-05	0.002366	2.854e-05	0.0007009	1.716e-06	0.005806	2.337e-06	1.396e-05	0.001278	3.306e-05	0.000636	5.609e-05	0.0007019	6.438e-06	0.0003498	4.65e-06	7.042e-05	3.63e-06	6.035e-05	3.895e-08	3.005e-06	3.588e-07	1.753e-05	1.281e-05	0.001216	3.374e-06	7.184e-05
1	1	5776	1.699e-07	65890	0.99891	0.75488	0.23164	3.313e-05	0.002366	2.854e-05	0.0007009	1.716e-06	0.005806	2.337e-06	1.396e-05	0.001278	3.306e-05	0.000636	5.609e-05	0.0007019	6.438e-06	0.0003498	4.65e-06	7.042e-05	3.63e-06	6.035e-05	3.895e-08	3.005e-06	3.588e-07	1.753e-05	1.281e-05	0.001216	3.374e-06	7.184e-05
