0.37893
0.38832
0.39813
0.40831
0.41885
0.42975
0.44102
0.45266
0.46469
0.47712
0.48996
0.50321
0.5169
0.53102
0.54559
0.56061
0.5761
0.59206
0.6085
0.62543
0.64285
0.66078
0.67921
0.69816
0.71763
0.73763
0.75816
0.77923
0.80086
0.82305
0.84581
0.86918
0.89316
0.91778
0.94309
0.96912
0.99595
1.0236
1.0523
1.082
1.113
1.1454
1.1794
1.2153
1.2534
1.2939
1.337
1.383
1.4321
1.4841
1.539
1.5964
1.6557
1.7162
1.777
1.8371
1.8957
1.9519
2.0049
2.0544
2.0999
2.1413
2.1788
2.2123
2.2423
2.269
2.2928
2.3138
2.3326
2.3493
2.3641
2.3774
2.3892
2.3999
2.4094
2.418
2.4256
2.4326
2.4389
2.4445
2.4496
2.4542
2.4584
2.4622
2.4657
2.4688
2.4716
2.4742
2.4765
2.4786
2.4806
2.4823
2.4839
2.4854
2.4867
2.4879
2.489
2.49
2.4909
2.4917
