1.0721
1.0766
1.0814
1.0865
1.092
1.0978
1.104
1.1104
1.1173
1.1244
1.132
1.1399
1.1483
1.157
1.1662
1.1759
1.186
1.1966
1.2077
1.2193
1.2315
1.2442
1.2575
1.2714
1.286
1.3013
1.3172
1.3338
1.3512
1.3695
1.3885
1.4085
1.4293
1.4512
1.4741
1.4981
1.5232
1.5495
1.5771
1.606
1.6362
1.6677
1.7005
1.7346
1.7698
1.806
1.8431
1.8807
1.9186
1.9566
1.9941
2.031
2.0669
2.1015
2.1345
2.1657
2.195
2.2224
2.2477
2.271
2.2923
2.3118
2.3295
2.3455
2.3601
2.3732
2.3851
2.3959
2.4056
2.4144
2.4223
2.4295
2.436
2.4419
2.4472
2.452
2.4564
2.4604
2.464
2.4673
2.4703
2.473
2.4755
2.4777
2.4798
2.4816
2.4833
2.4848
2.4862
2.4874
2.4886
2.4897
2.4906
2.4915
2.4924
2.4932
2.4939
2.4946
2.4952
2.4957
