2.9994
2.9994
2.9993
2.9993
2.9993
2.9992
2.9992
2.9991
2.999
2.9989
2.9988
2.9986
2.9985
2.9982
2.998
2.9976
2.9973
2.9968
2.9962
2.9955
2.9947
2.9937
2.9926
2.9911
2.9894
2.9874
2.9849
2.9821
2.9787
2.9746
2.9699
2.9644
2.9581
2.9507
2.9423
2.9328
2.9222
2.9103
2.8972
2.883
2.8677
2.8514
2.8342
2.8164
2.7982
2.7797
2.7611
2.7427
2.7247
2.7073
2.6906
2.6746
2.6596
2.6455
2.6324
2.6202
2.609
2.5988
2.5894
2.5809
2.5731
2.5661
2.5597
2.5539
2.5487
2.544
2.5397
2.5359
2.5324
2.5293
2.5265
2.5239
2.5216
2.5196
2.5177
2.516
2.5145
2.5131
2.5118
2.5107
2.5096
2.5086
2.5077
2.5068
2.506
2.5053
2.5046
2.504
2.5034
2.5028
2.5023
2.5018
2.5012
2.5007
2.5001
2.4996
2.499
2.4984
2.4976
2.4969
