0.41169
0.42212
0.43306
0.44444
0.45623
0.46842
0.48102
0.49405
0.50751
0.52141
0.53577
0.5506
0.56591
0.5817
0.598
0.61481
0.63214
0.65001
0.66841
0.68737
0.7069
0.727
0.74768
0.76895
0.79083
0.81333
0.83645
0.86022
0.88465
0.90975
0.93554
0.96206
0.98932
1.0174
1.0462
1.076
1.1066
1.1383
1.171
1.2049
1.2401
1.2766
1.3146
1.3542
1.3955
1.4386
1.4835
1.5302
1.5785
1.6283
1.6793
1.7311
1.7831
1.8349
1.8859
1.9355
1.9831
2.0285
2.0711
2.1108
2.1476
2.1812
2.2119
2.2397
2.2648
2.2875
2.3079
2.3262
2.3428
2.3576
2.371
2.383
2.3939
2.4037
2.4126
2.4206
2.4278
2.4344
2.4404
2.4458
2.4507
2.4551
2.4592
2.4629
2.4663
2.4693
2.4721
2.4746
2.4769
2.479
2.4809
2.4827
2.4843
2.4857
2.487
2.4883
2.4894
2.4905
2.4914
2.4923
