2.0049
2.0054
2.0059
2.0064
2.0071
2.0077
2.0085
2.0093
2.0102
2.0111
2.0122
2.0134
2.0146
2.016
2.0176
2.0193
2.0211
2.0231
2.0253
2.0277
2.0304
2.0333
2.0365
2.04
2.0438
2.048
2.0525
2.0575
2.063
2.069
2.0755
2.0826
2.0904
2.0988
2.1078
2.1176
2.1282
2.1394
2.1514
2.1641
2.1774
2.1913
2.2058
2.2207
2.2359
2.2513
2.2667
2.282
2.2971
2.3118
2.3261
2.3398
2.3528
2.3651
2.3767
2.3875
2.3975
2.4067
2.4153
2.4231
2.4302
2.4367
2.4426
2.448
2.4528
2.4572
2.4612
2.4648
2.4681
2.471
2.4737
2.4761
2.4783
2.4803
2.4822
2.4839
2.4854
2.4868
2.4881
2.4893
2.4903
2.4912
2.492
2.4928
2.4934
2.494
2.4946
2.4951
2.4956
2.496
2.4964
2.4968
2.4972
2.4975
2.4978
2.4981
2.4984
2.4986
2.4989
2.4991
