2.999
2.9989
2.9988
2.9988
2.9987
2.9986
2.9985
2.9984
2.9983
2.9982
2.998
2.9979
2.9977
2.9975
2.9973
2.997
2.9968
2.9965
2.9961
2.9957
2.9953
2.9948
2.9943
2.9936
2.9929
2.9921
2.9912
2.9901
2.9889
2.9875
2.9859
2.984
2.982
2.9796
2.9768
2.9737
2.9702
2.9661
2.9616
2.9565
2.9508
2.9444
2.9373
2.9295
2.921
2.9117
2.9016
2.8908
2.8794
2.8672
2.8544
2.8412
2.8274
2.8133
2.7989
2.7844
2.7697
2.7552
2.7407
2.7265
2.7125
2.699
2.6858
2.6732
2.661
2.6494
2.6384
2.628
2.6181
2.6089
2.6002
2.592
2.5844
2.5773
2.5708
2.5647
2.559
2.5538
2.549
2.5445
2.5404
2.5367
2.5332
2.53
2.5271
2.5244
2.522
2.5197
2.5177
2.5158
2.5141
2.5125
2.5111
2.5097
2.5085
2.5074
2.5064
2.5054
2.5045
2.5037
