1.0588
1.0625
1.0665
1.0708
1.0754
1.0803
1.0855
1.0909
1.0967
1.1027
1.1091
1.1159
1.123
1.1304
1.1383
1.1465
1.1552
1.1643
1.1739
1.184
1.1945
1.2056
1.2172
1.2294
1.2421
1.2555
1.2696
1.2844
1.2999
1.3162
1.3334
1.3514
1.3705
1.3905
1.4117
1.434
1.4576
1.4826
1.5091
1.5371
1.5667
1.5981
1.6311
1.6659
1.7023
1.7403
1.7797
1.8202
1.8615
1.9032
1.9449
1.9861
2.0264
2.0654
2.1027
2.138
2.171
2.2018
2.2302
2.2562
2.2798
2.3013
2.3208
2.3383
2.354
2.3682
2.381
2.3924
2.4027
2.412
2.4204
2.4279
2.4346
2.4407
2.4463
2.4512
2.4558
2.4598
2.4635
2.4669
2.4699
2.4727
2.4752
2.4775
2.4795
2.4814
2.4831
2.4846
2.486
2.4873
2.4884
2.4894
2.4904
2.4913
2.4921
2.4928
2.4935
2.4941
2.4946
2.4951
