0.49837
0.49573
0.49323
0.49073
0.48816
0.48549
0.4827
0.47978
0.47673
0.47355
0.47023
0.46677
0.46316
0.45941
0.45551
0.45147
0.44727
0.44292
0.43842
0.43376
0.42895
0.42399
0.41887
0.4136
0.40817
0.40259
0.39686
0.39097
0.38493
0.37873
0.37237
0.36585
0.35915
0.35229
0.34524
0.338
0.33055
0.32287
0.31496
0.3068
0.29836
0.28963
0.28059
0.27124
0.26158
0.25162
0.24138
0.2309
0.22023
0.20944
0.19861
0.18782
0.17717
0.16673
0.15661
0.14686
0.13755
0.12873
0.12041
0.11263
0.10536
0.098613
0.092356
0.086569
0.081219
0.076278
0.071713
0.06749
0.063583
0.059961
0.0566
0.053475
0.050565
0.047853
0.045318
0.042951
0.040726
0.038639
0.036688
0.034847
0.033114
0.031473
0.02993
0.028472
0.027096
0.025791
0.024552
0.023382
0.022275
0.021224
0.020227
0.019277
0.018377
0.017524
0.01671
0.015936
0.015201
0.014504
0.013838
0.013208
