0.22167
0.21836
0.21502
0.21162
0.20813
0.20455
0.20088
0.19712
0.19326
0.1893
0.18526
0.18113
0.17692
0.17262
0.16824
0.16378
0.15925
0.15465
0.15
0.14528
0.14053
0.13574
0.13092
0.12608
0.12122
0.11637
0.11152
0.1067
0.10192
0.097173
0.092484
0.087862
0.083323
0.078871
0.074519
0.070276
0.066153
0.062156
0.058289
0.054562
0.050973
0.047527
0.044221
0.041051
0.038014
0.035103
0.032312
0.029635
0.027067
0.024605
0.02225
0.020006
0.017878
0.015876
0.01401
0.012287
0.010714
0.0092955
0.0080296
0.0069123
0.0059359
0.0050886
0.0043595
0.0037343
0.0032003
0.002745
0.0023573
0.0020268
0.0017449
0.0015041
0.0012981
0.0011215
0.00096986
0.00083945
0.0007271
0.00063025
0.00054652
0.00047415
0.00041159
0.00035737
0.0003104
0.00026962
0.00023427
0.00020359
0.00017697
0.00015383
0.00013372
0.00011626
0.00010109
8.7905e-05
7.6448e-05
6.6474e-05
5.7807e-05
5.0277e-05
4.3723e-05
3.8024e-05
3.3067e-05
2.8763e-05
2.5013e-05
2.1756e-05
