0.31919
0.31386
0.30853
0.30312
0.2976
0.29197
0.28621
0.28033
0.27432
0.26819
0.26195
0.25559
0.24912
0.24256
0.23589
0.22914
0.22231
0.21542
0.20846
0.20145
0.19441
0.18734
0.18026
0.17318
0.16612
0.15909
0.15211
0.14519
0.13834
0.13159
0.12494
0.11841
0.11201
0.10577
0.099679
0.093762
0.088024
0.082473
0.077116
0.071956
0.066997
0.062238
0.057678
0.053315
0.049145
0.045164
0.041367
0.037753
0.034318
0.031063
0.02799
0.025102
0.022404
0.019898
0.01759
0.015481
0.01357
0.011852
0.010321
0.0089654
0.0077742
0.0067329
0.0058267
0.0050409
0.0043612
0.0037743
0.0032679
0.0028309
0.0024538
0.0021282
0.0018469
0.0016036
0.001393
0.0012105
0.0010523
0.00091515
0.00079587
0.00069229
0.00060248
0.00052427
0.00045628
0.00039703
0.00034556
0.00030075
0.0002618
0.00022785
0.00019828
0.00017257
0.00015021
0.00013073
0.0001138
9.9021e-05
8.6177e-05
7.5007e-05
6.5272e-05
5.68e-05
4.9427e-05
4.3022e-05
3.7435e-05
3.2582e-05
