3.2655
3.2675
3.2722
3.2785
3.2859
3.2943
3.3036
3.3138
3.3249
3.3371
3.3503
3.3648
3.3806
3.3979
3.4166
3.4369
3.4591
3.483
3.509
3.5371
3.5674
3.6001
3.6353
3.673
3.7135
3.7568
3.8029
3.8519
3.9039
3.9588
4.0165
4.0771
4.1403
4.206
4.2741
4.3442
4.4162
4.4898
4.5648
4.6412
4.7188
4.798
4.8791
4.9626
5.0496
5.1412
5.239
5.345
5.4614
5.5908
5.7361
5.9006
6.0879
6.3017
6.5465
6.8271
7.1485
7.5166
7.9378
8.4193
8.9692
9.5968
10.312
11.128
12.057
13.115
14.32
15.692
17.256
19.038
21.069
23.385
26.028
29.043
32.487
36.421
40.921
46.07
51.957
58.707
66.443
75.332
85.534
97.27
110.77
126.35
144.36
165.17
189.27
217.29
249.92
288.13
332.95
385.81
448.61
523.71
614.34
724.81
861.8
1034.3
