1.0757
1.0752
1.0756
1.0763
1.0773
1.0784
1.0797
1.0811
1.0826
1.0843
1.0862
1.0882
1.0904
1.0928
1.0954
1.0982
1.1013
1.1046
1.1082
1.1121
1.1162
1.1207
1.1254
1.1304
1.1358
1.1414
1.1473
1.1535
1.1598
1.1664
1.1731
1.1798
1.1864
1.193
1.1992
1.2051
1.2104
1.2151
1.2189
1.2218
1.2235
1.224
1.2232
1.221
1.2175
1.2127
1.2068
1.1999
1.1921
1.1839
1.1754
1.167
1.159
1.1516
1.1452
1.1401
1.1365
1.1346
1.1346
1.1366
1.1409
1.1475
1.1565
1.168
1.1821
1.1988
1.2182
1.2403
1.2652
1.293
1.3238
1.3575
1.3943
1.4342
1.4773
1.5238
1.5734
1.6266
1.6835
1.744
1.8084
1.8766
1.949
2.0257
2.107
2.1929
2.2836
2.3794
2.4808
2.5877
2.7006
2.8193
2.9445
3.0767
3.2159
3.3626
3.5175
3.6813
3.854
4.0373
