0.37799
0.37638
0.37484
0.37328
0.37167
0.36997
0.36821
0.36636
0.36442
0.36238
0.36025
0.35802
0.35569
0.35327
0.35074
0.34811
0.34537
0.34252
0.33956
0.3365
0.33332
0.33003
0.32663
0.32312
0.3195
0.31576
0.31191
0.30793
0.30384
0.29963
0.2953
0.29084
0.28623
0.28149
0.27659
0.27152
0.26627
0.26083
0.25516
0.24926
0.24308
0.23662
0.22983
0.22271
0.21525
0.20743
0.19926
0.19078
0.18202
0.17305
0.16395
0.15479
0.14567
0.1367
0.12796
0.11953
0.11148
0.10386
0.096703
0.090029
0.083833
0.078114
0.072843
0.068002
0.063557
0.059481
0.055735
0.052296
0.049129
0.046213
0.043519
0.041029
0.03872
0.036577
0.034583
0.032726
0.030988
0.029363
0.027847
0.02642
0.025081
0.023818
0.022632
0.021512
0.020458
0.019459
0.018514
0.017622
0.016778
0.015977
0.015219
0.014497
0.013813
0.013165
0.012547
0.01196
0.011401
0.010872
0.010366
0.0098853
