0.01
0.010975
0.012045
0.013219
0.014508
0.015923
0.017475
0.019179
0.021049
0.023101
0.025354
0.027826
0.030539
0.033516
0.036784
0.04037
0.044306
0.048626
0.053367
0.05857
0.064281
0.070548
0.077426
0.084975
0.09326
0.10235
0.11233
0.12328
0.1353
0.1485
0.16298
0.17886
0.1963
0.21544
0.23645
0.2595
0.2848
0.31257
0.34305
0.37649
0.4132
0.45349
0.4977
0.54623
0.59948
0.65793
0.72208
0.79248
0.86975
0.95455
1.0476
1.1498
1.2619
1.3849
1.5199
1.6681
1.8307
2.0092
2.2051
2.4201
2.6561
2.9151
3.1993
3.5112
3.8535
4.2292
4.6416
5.0941
5.5908
6.1359
6.7342
7.3907
8.1113
8.9022
9.7701
10.723
11.768
12.915
14.175
15.557
17.074
18.738
20.565
22.57
24.771
27.186
29.836
32.745
35.938
39.442
43.288
47.508
52.14
57.224
62.803
68.926
75.646
83.022
91.116
100
