0.0000001  0.00050  1.560e+07  1.508e+02  2.314e+17  0.00000  0.34715  0.63281  8.047e-06 1.029e-05 2.340e-06 4.886e-03 9.932e-08 8.540e-03 5.904e-04 2.191e-05 2.045e-03 4.007e-05 7.708e-04 6.955e-05 8.506e-04 7.282e-06 4.239e-04 9.352e-06 7.606e-05 4.299e-06 7.484e-05 5.943e-08 4.278e-06 4.249e-07 2.124e-05 1.553e-05 1.473e-03 4.089e-06 8.706e-05 
0.0000178  0.00550  1.559e+07  1.505e+02  2.309e+17  0.00015  0.34801  0.63194  8.113e-06 1.029e-05 2.339e-06 4.890e-03 9.942e-08 8.557e-03 5.837e-04 2.194e-05 2.048e-03 4.012e-05 7.718e-04 6.964e-05 8.517e-04 7.291e-06 4.244e-04 9.364e-06 7.615e-05 4.305e-06 7.494e-05 5.951e-08 4.284e-06 4.255e-07 2.127e-05 1.555e-05 1.475e-03 4.094e-06 8.717e-05 
0.0001233  0.01050  1.556e+07  1.496e+02  2.297e+17  0.00104  0.35037  0.62958  8.296e-06 1.025e-05 2.331e-06 4.889e-03 9.944e-08 8.575e-03 5.645e-04 2.194e-05 2.048e-03 4.012e-05 7.717e-04 6.964e-05 8.516e-04 7.291e-06 4.244e-04 9.363e-06 7.615e-05 4.305e-06 7.493e-05 5.951e-08 4.284e-06 4.254e-07 2.127e-05 1.555e-05 1.475e-03 4.094e-06 8.717e-05 
0.0003944  0.01550  1.552e+07  1.481e+02  2.278e+17  0.00333  0.35417  0.62578  8.596e-06 1.019e-05 2.317e-06 4.887e-03 9.946e-08 8.604e-03 5.347e-04 2.193e-05 2.047e-03 4.011e-05 7.717e-04 6.963e-05 8.516e-04 7.290e-06 4.244e-04 9.362e-06 7.614e-05 4.304e-06 7.493e-05 5.950e-08 4.283e-06 4.254e-07 2.127e-05 1.555e-05 1.475e-03 4.093e-06 8.716e-05 
0.0009051  0.02050  1.546e+07  1.461e+02  2.251e+17  0.00758  0.35936  0.62059  9.019e-06 1.011e-05 2.299e-06 4.886e-03 9.950e-08 8.640e-03 4.960e-04 2.193e-05 2.047e-03 4.011e-05 7.715e-04 6.962e-05 8.514e-04 7.289e-06 4.243e-04 9.361e-06 7.613e-05 4.303e-06 7.492e-05 5.949e-08 4.283e-06 4.253e-07 2.126e-05 1.554e-05 1.475e-03 4.093e-06 8.715e-05 
0.0017246  0.02550  1.539e+07  1.437e+02  2.218e+17  0.01431  0.36586  0.61410  9.572e-06 1.001e-05 2.276e-06 4.883e-03 9.955e-08 8.682e-03 4.506e-04 2.192e-05 2.047e-03 4.010e-05 7.714e-04 6.961e-05 8.513e-04 7.288e-06 4.242e-04 9.359e-06 7.612e-05 4.303e-06 7.490e-05 5.948e-08 4.282e-06 4.253e-07 2.126e-05 1.554e-05 1.474e-03 4.092e-06 8.713e-05 
0.0029154  0.03050  1.530e+07  1.409e+02  2.178e+17  0.02394  0.37359  0.60638  1.027e-05 9.895e-06 2.250e-06 4.881e-03 9.962e-08 8.727e-03 4.012e-04 2.192e-05 2.046e-03 4.009e-05 7.712e-04 6.959e-05 8.511e-04 7.286e-06 4.241e-04 9.357e-06 7.610e-05 4.302e-06 7.488e-05 5.947e-08 4.281e-06 4.252e-07 2.125e-05 1.554e-05 1.474e-03 4.091e-06 8.711e-05 
0.0045337  0.03550  1.520e+07  1.377e+02  2.134e+17  0.03675  0.38243  0.59754  1.111e-05 9.759e-06 2.219e-06 4.879e-03 9.970e-08 8.773e-03 3.500e-04 2.191e-05 2.045e-03 4.008e-05 7.710e-04 6.957e-05 8.508e-04 7.284e-06 4.240e-04 9.354e-06 7.608e-05 4.300e-06 7.486e-05 5.945e-08 4.279e-06 4.250e-07 2.125e-05 1.553e-05 1.473e-03 4.090e-06 8.708e-05 
0.0066264  0.04050  1.508e+07  1.342e+02  2.084e+17  0.05293  0.39228  0.58770  1.212e-05 9.607e-06 2.184e-06 4.876e-03 9.980e-08 8.818e-03 2.995e-04 2.190e-05 2.044e-03 4.006e-05 7.707e-04 6.955e-05 8.505e-04 7.281e-06 4.239e-04 9.351e-06 7.605e-05 4.299e-06 7.483e-05 5.943e-08 4.278e-06 4.249e-07 2.124e-05 1.553e-05 1.473e-03 4.088e-06 8.705e-05 
0.0092341  0.04550  1.496e+07  1.305e+02  2.031e+17  0.07255  0.40300  0.57700  1.331e-05 9.442e-06 2.147e-06 4.873e-03 9.991e-08 8.859e-03 2.514e-04 2.189e-05 2.043e-03 4.005e-05 7.704e-04 6.952e-05 8.502e-04 7.278e-06 4.237e-04 9.347e-06 7.602e-05 4.297e-06 7.480e-05 5.940e-08 4.276e-06 4.247e-07 2.123e-05 1.552e-05 1.472e-03 4.087e-06 8.702e-05 
0.0123891  0.05050  1.482e+07  1.266e+02  1.973e+17  0.09554  0.41446  0.56555  1.470e-05 9.263e-06 2.106e-06 4.870e-03 1.000e-07 8.895e-03 2.073e-04 2.187e-05 2.042e-03 4.003e-05 7.700e-04 6.948e-05 8.498e-04 7.275e-06 4.235e-04 9.342e-06 7.598e-05 4.295e-06 7.477e-05 5.937e-08 4.274e-06 4.245e-07 2.122e-05 1.551e-05 1.472e-03 4.085e-06 8.697e-05 
0.0161156  0.05550  1.467e+07  1.225e+02  1.913e+17  0.12177  0.42653  0.55349  1.631e-05 9.072e-06 2.063e-06 4.867e-03 1.002e-07 8.925e-03 1.680e-04 2.185e-05 2.040e-03 4.000e-05 7.696e-04 6.945e-05 8.493e-04 7.271e-06 4.233e-04 9.337e-06 7.594e-05 4.293e-06 7.473e-05 5.934e-08 4.272e-06 4.243e-07 2.121e-05 1.550e-05 1.471e-03 4.083e-06 8.693e-05 
0.0204298  0.06050  1.451e+07  1.184e+02  1.851e+17  0.15099  0.43908  0.54096  1.817e-05 8.872e-06 2.018e-06 4.864e-03 1.003e-07 8.950e-03 1.340e-04 2.184e-05 2.039e-03 3.998e-05 7.691e-04 6.940e-05 8.488e-04 7.266e-06 4.230e-04 9.332e-06 7.590e-05 4.290e-06 7.468e-05 5.931e-08 4.269e-06 4.240e-07 2.120e-05 1.549e-05 1.470e-03 4.080e-06 8.688e-05 
0.0253457  0.06550  1.435e+07  1.142e+02  1.788e+17  0.18291  0.45197  0.52809  2.029e-05 8.663e-06 1.970e-06 4.860e-03 1.004e-07 8.969e-03 1.053e-04 2.182e-05 2.037e-03 3.996e-05 7.687e-04 6.936e-05 8.483e-04 7.262e-06 4.227e-04 9.326e-06 7.585e-05 4.287e-06 7.463e-05 5.927e-08 4.266e-06 4.238e-07 2.118e-05 1.548e-05 1.469e-03 4.077e-06 8.682e-05 
0.0308684  0.07050  1.418e+07  1.100e+02  1.723e+17  0.21717  0.46508  0.51499  2.273e-05 8.447e-06 1.921e-06 4.856e-03 1.006e-07 8.983e-03 8.169e-05 2.179e-05 2.035e-03 3.993e-05 7.681e-04 6.931e-05 8.477e-04 7.256e-06 4.224e-04 9.319e-06 7.579e-05 4.284e-06 7.458e-05 5.923e-08 4.263e-06 4.235e-07 2.117e-05 1.547e-05 1.468e-03 4.075e-06 8.676e-05 
0.0369942  0.07550  1.400e+07  1.059e+02  1.657e+17  0.25336  0.47831  0.50178  2.550e-05 8.226e-06 1.871e-06 4.851e-03 1.007e-07 8.991e-03 6.265e-05 2.177e-05 2.033e-03 3.990e-05 7.675e-04 6.926e-05 8.470e-04 7.251e-06 4.221e-04 9.312e-06 7.574e-05 4.281e-06 7.453e-05 5.918e-08 4.260e-06 4.231e-07 2.115e-05 1.546e-05 1.467e-03 4.072e-06 8.669e-05 
0.0437215  0.08050  1.382e+07  1.018e+02  1.592e+17  0.29108  0.49154  0.48857  2.866e-05 8.001e-06 1.820e-06 4.847e-03 1.009e-07 8.996e-03 4.759e-05 2.175e-05 2.031e-03 3.987e-05 7.670e-04 6.921e-05 8.464e-04 7.246e-06 4.218e-04 9.305e-06 7.568e-05 4.278e-06 7.447e-05 5.914e-08 4.257e-06 4.228e-07 2.114e-05 1.545e-05 1.466e-03 4.069e-06 8.663e-05 
0.0510445  0.08550  1.364e+07  9.782e+01  1.526e+17  0.32990  0.50466  0.47547  3.226e-05 7.772e-06 1.768e-06 4.842e-03 1.011e-07 8.997e-03 3.593e-05 2.172e-05 2.029e-03 3.984e-05 7.664e-04 6.915e-05 8.457e-04 7.240e-06 4.215e-04 9.298e-06 7.562e-05 4.275e-06 7.441e-05 5.909e-08 4.254e-06 4.225e-07 2.112e-05 1.544e-05 1.465e-03 4.065e-06 8.656e-05 
0.0589469  0.09050  1.345e+07  9.391e+01  1.462e+17  0.36940  0.51758  0.46256  3.634e-05 7.541e-06 1.715e-06 4.837e-03 1.012e-07 8.995e-03 2.705e-05 2.170e-05 2.026e-03 3.980e-05 7.658e-04 6.910e-05 8.451e-04 7.234e-06 4.211e-04 9.291e-06 7.556e-05 4.271e-06 7.435e-05 5.905e-08 4.250e-06 4.222e-07 2.110e-05 1.543e-05 1.463e-03 4.062e-06 8.649e-05 
0.0674199  0.09550  1.325e+07  9.010e+01  1.398e+17  0.40916  0.53022  0.44994  4.097e-05 7.309e-06 1.663e-06 4.833e-03 1.014e-07 8.991e-03 2.042e-05 2.167e-05 2.024e-03 3.977e-05 7.651e-04 6.904e-05 8.443e-04 7.228e-06 4.208e-04 9.283e-06 7.550e-05 4.268e-06 7.429e-05 5.899e-08 4.247e-06 4.218e-07 2.109e-05 1.541e-05 1.462e-03 4.059e-06 8.642e-05 
0.0764429  0.10050  1.306e+07  8.640e+01  1.335e+17  0.44881  0.54252  0.43766  4.622e-05 7.076e-06 1.610e-06 4.828e-03 1.016e-07 8.984e-03 1.553e-05 2.164e-05 2.021e-03 3.974e-05 7.644e-04 6.898e-05 8.436e-04 7.222e-06 4.204e-04 9.275e-06 7.543e-05 4.264e-06 7.422e-05 5.894e-08 4.243e-06 4.214e-07 2.107e-05 1.540e-05 1.461e-03 4.055e-06 8.634e-05 
0.0859997  0.10550  1.286e+07  8.282e+01  1.273e+17  0.48798  0.55440  0.42579  5.218e-05 6.844e-06 1.557e-06 4.823e-03 1.017e-07 8.976e-03 1.198e-05 2.161e-05 2.019e-03 3.970e-05 7.637e-04 6.892e-05 8.428e-04 7.215e-06 4.200e-04 9.266e-06 7.536e-05 4.260e-06 7.416e-05 5.889e-08 4.239e-06 4.210e-07 2.105e-05 1.539e-05 1.460e-03 4.051e-06 8.627e-05 
0.0960688  0.11050  1.267e+07  7.936e+01  1.213e+17  0.52636  0.56584  0.41437  5.894e-05 6.611e-06 1.504e-06 4.817e-03 1.019e-07 8.967e-03 9.418e-06 2.158e-05 2.016e-03 3.967e-05 7.631e-04 6.886e-05 8.421e-04 7.209e-06 4.197e-04 9.258e-06 7.530e-05 4.256e-06 7.409e-05 5.884e-08 4.236e-06 4.207e-07 2.103e-05 1.537e-05 1.458e-03 4.048e-06 8.619e-05 
0.1066305  0.11550  1.247e+07  7.602e+01  1.154e+17  0.56365  0.57679  0.40344  6.660e-05 6.380e-06 1.451e-06 4.812e-03 1.021e-07 8.957e-03 7.606e-06 2.155e-05 2.014e-03 3.963e-05 7.624e-04 6.880e-05 8.414e-04 7.203e-06 4.193e-04 9.250e-06 7.523e-05 4.253e-06 7.403e-05 5.879e-08 4.232e-06 4.203e-07 2.101e-05 1.536e-05 1.457e-03 4.044e-06 8.611e-05 
0.1176592  0.12050  1.227e+07  7.279e+01  1.097e+17  0.59962  0.58722  0.39302  7.529e-05 6.150e-06 1.399e-06 4.807e-03 1.023e-07 8.947e-03 6.333e-06 2.152e-05 2.011e-03 3.960e-05 7.617e-04 6.873e-05 8.406e-04 7.196e-06 4.189e-04 9.242e-06 7.516e-05 4.249e-06 7.396e-05 5.873e-08 4.228e-06 4.199e-07 2.099e-05 1.535e-05 1.456e-03 4.041e-06 8.604e-05 
0.1291334  0.12550  1.207e+07  6.968e+01  1.041e+17  0.63406  0.59711  0.38314  8.515e-05 5.926e-06 1.348e-06 4.802e-03 1.024e-07 8.936e-03 5.448e-06 2.149e-05 2.009e-03 3.956e-05 7.610e-04 6.867e-05 8.399e-04 7.190e-06 4.185e-04 9.234e-06 7.510e-05 4.245e-06 7.390e-05 5.868e-08 4.224e-06 4.196e-07 2.097e-05 1.533e-05 1.454e-03 4.037e-06 8.596e-05 
0.1410263  0.13050  1.188e+07  6.669e+01  9.879e+16  0.66682  0.60645  0.37382  9.633e-05 5.923e-06 1.360e-06 4.796e-03 1.026e-07 8.925e-03 4.839e-06 2.146e-05 2.006e-03 3.952e-05 7.604e-04 6.861e-05 8.391e-04 7.183e-06 4.182e-04 9.225e-06 7.503e-05 4.241e-06 7.383e-05 5.863e-08 4.221e-06 4.192e-07 2.096e-05 1.532e-05 1.453e-03 4.034e-06 8.588e-05 
0.1533131  0.13550  1.168e+07  6.380e+01  9.361e+16  0.69777  0.61523  0.36504  1.090e-04 8.767e-06 2.195e-06 4.787e-03 1.027e-07 8.915e-03 4.423e-06 2.144e-05 2.003e-03 3.949e-05 7.597e-04 6.855e-05 8.384e-04 7.177e-06 4.178e-04 9.217e-06 7.496e-05 4.237e-06 7.376e-05 5.858e-08 4.217e-06 4.188e-07 2.094e-05 1.530e-05 1.452e-03 4.030e-06 8.581e-05 
0.1659674  0.14050  1.149e+07  6.103e+01  8.863e+16  0.72683  0.62346  0.35682  1.234e-04 2.847e-05 7.901e-06 4.752e-03 1.022e-07 8.904e-03 4.141e-06 2.141e-05 2.001e-03 3.946e-05 7.590e-04 6.849e-05 8.376e-04 7.171e-06 4.174e-04 9.209e-06 7.490e-05 4.234e-06 7.370e-05 5.853e-08 4.213e-06 4.184e-07 2.092e-05 1.529e-05 1.451e-03 4.026e-06 8.573e-05 
0.1789621  0.14550  1.130e+07  5.835e+01  8.383e+16  0.75398  0.63115  0.34916  1.398e-04 1.017e-04 2.910e-05 4.637e-03 1.000e-07 8.893e-03 3.951e-06 2.138e-05 1.998e-03 3.942e-05 7.584e-04 6.843e-05 8.369e-04 7.165e-06 4.171e-04 9.201e-06 7.483e-05 4.230e-06 7.364e-05 5.848e-08 4.209e-06 4.181e-07 2.090e-05 1.528e-05 1.449e-03 4.023e-06 8.566e-05 
0.1922687  0.15050  1.111e+07  5.578e+01  7.922e+16  0.77922  0.63832  0.34202  1.583e-04 2.753e-04 7.930e-05 4.373e-03 9.450e-08 8.882e-03 3.823e-06 2.135e-05 1.996e-03 3.939e-05 7.577e-04 6.838e-05 8.362e-04 7.159e-06 4.167e-04 9.194e-06 7.477e-05 4.227e-06 7.358e-05 5.843e-08 4.206e-06 4.177e-07 2.088e-05 1.527e-05 1.448e-03 4.020e-06 8.559e-05 
0.2058616  0.15550  1.092e+07  5.330e+01  7.479e+16  0.80257  0.64498  0.33542  1.794e-04 5.712e-04 1.646e-04 3.928e-03 8.494e-08 8.872e-03 3.738e-06 2.132e-05 1.994e-03 3.936e-05 7.571e-04 6.832e-05 8.355e-04 7.153e-06 4.164e-04 9.186e-06 7.471e-05 4.223e-06 7.352e-05 5.838e-08 4.203e-06 4.174e-07 2.087e-05 1.525e-05 1.447e-03 4.016e-06 8.552e-05 
0.2197091  0.16050  1.073e+07  5.091e+01  7.056e+16  0.82407  0.65116  0.32932  2.033e-04 9.614e-04 2.745e-04 3.347e-03 7.230e-08 8.862e-03 3.680e-06 2.130e-05 1.992e-03 3.933e-05 7.565e-04 6.827e-05 8.349e-04 7.147e-06 4.161e-04 9.179e-06 7.465e-05 4.220e-06 7.346e-05 5.833e-08 4.199e-06 4.171e-07 2.085e-05 1.524e-05 1.446e-03 4.013e-06 8.545e-05 
0.2337853  0.16550  1.055e+07  4.862e+01  6.651e+16  0.84374  0.65686  0.32369  2.304e-04 1.390e-03 3.838e-04 2.723e-03 5.861e-08 8.852e-03 3.642e-06 2.127e-05 1.989e-03 3.930e-05 7.560e-04 6.822e-05 8.343e-04 7.142e-06 4.158e-04 9.172e-06 7.460e-05 4.217e-06 7.340e-05 5.829e-08 4.196e-06 4.168e-07 2.083e-05 1.523e-05 1.445e-03 4.010e-06 8.539e-05 
0.2480606  0.17050  1.037e+07  4.641e+01  6.264e+16  0.86164  0.66209  0.31853  2.611e-04 1.800e-03 4.614e-04 2.155e-03 4.614e-08 8.843e-03 3.615e-06 2.125e-05 1.987e-03 3.927e-05 7.554e-04 6.817e-05 8.337e-04 7.137e-06 4.155e-04 9.165e-06 7.454e-05 4.214e-06 7.335e-05 5.825e-08 4.193e-06 4.165e-07 2.082e-05 1.522e-05 1.444e-03 4.007e-06 8.533e-05 
0.2625066  0.17550  1.019e+07  4.428e+01  5.896e+16  0.87785  0.66687  0.31379  2.959e-04 2.155e-03 4.870e-04 1.708e-03 3.636e-08 8.833e-03 3.597e-06 2.122e-05 1.985e-03 3.924e-05 7.549e-04 6.812e-05 8.331e-04 7.132e-06 4.152e-04 9.159e-06 7.449e-05 4.211e-06 7.330e-05 5.821e-08 4.190e-06 4.162e-07 2.080e-05 1.521e-05 1.443e-03 4.004e-06 8.527e-05 
0.2770961  0.18050  1.002e+07  4.223e+01  5.545e+16  0.89244  0.67123  0.30945  3.353e-04 2.442e-03 4.616e-04 1.396e-03 2.970e-08 8.824e-03 3.584e-06 2.120e-05 1.983e-03 3.921e-05 7.544e-04 6.807e-05 8.325e-04 7.127e-06 4.149e-04 9.152e-06 7.444e-05 4.208e-06 7.325e-05 5.817e-08 4.187e-06 4.159e-07 2.079e-05 1.520e-05 1.442e-03 4.002e-06 8.521e-05 
0.2918000  0.18550  9.845e+06  4.026e+01  5.211e+16  0.90555  0.67520  0.30549  3.800e-04 2.661e-03 4.028e-04 1.199e-03 2.712e-08 8.816e-03 3.574e-06 2.118e-05 1.981e-03 3.919e-05 7.539e-04 6.802e-05 8.319e-04 7.122e-06 4.146e-04 9.146e-06 7.439e-05 4.205e-06 7.320e-05 5.813e-08 4.184e-06 4.156e-07 2.078e-05 1.519e-05 1.441e-03 3.999e-06 8.515e-05 
0.3065918  0.19050  9.677e+06  3.836e+01  4.893e+16  0.91726  0.67879  0.30188  4.307e-04 2.822e-03 3.310e-04 1.084e-03 4.170e-08 8.807e-03 3.567e-06 2.116e-05 1.979e-03 3.916e-05 7.534e-04 6.798e-05 8.314e-04 7.117e-06 4.143e-04 9.140e-06 7.434e-05 4.202e-06 7.315e-05 5.809e-08 4.182e-06 4.153e-07 2.076e-05 1.518e-05 1.440e-03 3.996e-06 8.509e-05 
0.3214433  0.19550  9.512e+06  3.654e+01  4.592e+16  0.92772  0.68206  0.29859  4.881e-04 2.938e-03 2.615e-04 1.020e-03 1.156e-07 8.799e-03 3.561e-06 2.114e-05 1.978e-03 3.913e-05 7.529e-04 6.794e-05 8.308e-04 7.112e-06 4.140e-04 9.134e-06 7.429e-05 4.199e-06 7.310e-05 5.805e-08 4.179e-06 4.150e-07 2.075e-05 1.517e-05 1.439e-03 3.994e-06 8.504e-05 
0.3363293  0.20050  9.351e+06  3.479e+01  4.307e+16  0.93701  0.68501  0.29560  5.532e-04 3.019e-03 2.024e-04 9.854e-04 3.027e-07 8.791e-03 3.556e-06 2.111e-05 1.976e-03 3.911e-05 7.524e-04 6.789e-05 8.303e-04 7.108e-06 4.138e-04 9.129e-06 7.424e-05 4.197e-06 7.306e-05 5.801e-08 4.176e-06 4.148e-07 2.074e-05 1.516e-05 1.438e-03 3.991e-06 8.498e-05 
0.3512240  0.20550  9.193e+06  3.311e+01  4.037e+16  0.94524  0.68767  0.29289  6.270e-04 3.074e-03 1.556e-04 9.667e-04 6.032e-07 8.783e-03 3.552e-06 2.109e-05 1.974e-03 3.909e-05 7.519e-04 6.785e-05 8.298e-04 7.104e-06 4.135e-04 9.123e-06 7.420e-05 4.194e-06 7.301e-05 5.798e-08 4.174e-06 4.145e-07 2.072e-05 1.515e-05 1.437e-03 3.989e-06 8.493e-05 
0.3661026  0.21050  9.038e+06  3.150e+01  3.781e+16  0.95252  0.69007  0.29042  7.108e-04 3.112e-03 1.207e-04 9.566e-04 9.617e-07 8.776e-03 3.548e-06 2.107e-05 1.972e-03 3.906e-05 7.515e-04 6.781e-05 8.293e-04 7.100e-06 4.133e-04 9.118e-06 7.415e-05 4.192e-06 7.297e-05 5.795e-08 4.171e-06 4.143e-07 2.071e-05 1.514e-05 1.436e-03 3.986e-06 8.488e-05 
0.3809405  0.21550  8.886e+06  2.995e+01  3.540e+16  0.95893  0.69223  0.28818  8.062e-04 3.136e-03 9.548e-05 9.509e-04 1.308e-06 8.768e-03 3.545e-06 2.106e-05 1.971e-03 3.904e-05 7.511e-04 6.777e-05 8.289e-04 7.096e-06 4.131e-04 9.113e-06 7.411e-05 4.189e-06 7.293e-05 5.791e-08 4.169e-06 4.141e-07 2.070e-05 1.513e-05 1.435e-03 3.984e-06 8.483e-05 
0.3957173  0.22050  8.738e+06  2.846e+01  3.313e+16  0.96458  0.69418  0.28614  9.144e-04 3.152e-03 7.753e-05 9.475e-04 1.600e-06 8.761e-03 3.541e-06 2.104e-05 1.969e-03 3.902e-05 7.506e-04 6.773e-05 8.284e-04 7.091e-06 4.128e-04 9.107e-06 7.407e-05 4.187e-06 7.289e-05 5.788e-08 4.167e-06 4.138e-07 2.069e-05 1.512e-05 1.435e-03 3.982e-06 8.479e-05 
0.4104094  0.22550  8.593e+06  2.704e+01  3.098e+16  0.96954  0.69593  0.28428  1.038e-03 3.162e-03 6.506e-05 9.452e-04 1.824e-06 8.754e-03 3.539e-06 2.102e-05 1.968e-03 3.900e-05 7.503e-04 6.770e-05 8.279e-04 7.088e-06 4.126e-04 9.103e-06 7.403e-05 4.185e-06 7.285e-05 5.785e-08 4.164e-06 4.136e-07 2.068e-05 1.511e-05 1.434e-03 3.980e-06 8.474e-05 
0.4249975  0.23050  8.451e+06  2.568e+01  2.896e+16  0.97389  0.69750  0.28259  1.178e-03 3.168e-03 5.649e-05 9.437e-04 1.986e-06 8.748e-03 3.536e-06 2.100e-05 1.966e-03 3.898e-05 7.499e-04 6.766e-05 8.275e-04 7.084e-06 4.124e-04 9.098e-06 7.399e-05 4.183e-06 7.281e-05 5.782e-08 4.162e-06 4.134e-07 2.067e-05 1.511e-05 1.433e-03 3.978e-06 8.470e-05 
0.4394609  0.23550  8.312e+06  2.437e+01  2.706e+16  0.97769  0.69891  0.28103  1.339e-03 3.172e-03 5.066e-05 9.424e-04 2.096e-06 8.741e-03 3.533e-06 2.098e-05 1.965e-03 3.896e-05 7.495e-04 6.763e-05 8.271e-04 7.080e-06 4.122e-04 9.093e-06 7.395e-05 4.180e-06 7.277e-05 5.779e-08 4.160e-06 4.132e-07 2.066e-05 1.510e-05 1.432e-03 3.976e-06 8.465e-05 
0.4537820  0.24050  8.176e+06  2.313e+01  2.528e+16  0.98101  0.70016  0.27961  1.524e-03 3.173e-03 4.669e-05 9.415e-04 2.171e-06 8.735e-03 3.530e-06 2.097e-05 1.963e-03 3.894e-05 7.491e-04 6.760e-05 8.267e-04 7.077e-06 4.120e-04 9.089e-06 7.392e-05 4.178e-06 7.274e-05 5.776e-08 4.158e-06 4.130e-07 2.065e-05 1.509e-05 1.432e-03 3.974e-06 8.461e-05 
0.4679438  0.24550  8.043e+06  2.193e+01  2.360e+16  0.98392  0.70127  0.27829  1.737e-03 3.173e-03 4.401e-05 9.406e-04 2.219e-06 8.729e-03 3.527e-06 2.095e-05 1.962e-03 3.892e-05 7.488e-04 6.756e-05 8.263e-04 7.074e-06 4.118e-04 9.084e-06 7.388e-05 4.176e-06 7.270e-05 5.773e-08 4.156e-06 4.128e-07 2.064e-05 1.508e-05 1.431e-03 3.972e-06 8.457e-05 
0.4819314  0.25050  7.913e+06  2.080e+01  2.203e+16  0.98645  0.70227  0.27707  1.980e-03 3.173e-03 4.219e-05 9.398e-04 2.251e-06 8.723e-03 3.525e-06 2.094e-05 1.961e-03 3.890e-05 7.484e-04 6.753e-05 8.259e-04 7.070e-06 4.116e-04 9.080e-06 7.385e-05 4.174e-06 7.267e-05 5.771e-08 4.154e-06 4.126e-07 2.063e-05 1.508e-05 1.430e-03 3.970e-06 8.453e-05 
0.4957334  0.25550  7.787e+06  1.971e+01  2.055e+16  0.98867  0.70315  0.27593  2.252e-03 3.172e-03 4.096e-05 9.391e-04 2.270e-06 8.717e-03 3.522e-06 2.092e-05 1.959e-03 3.888e-05 7.480e-04 6.750e-05 8.255e-04 7.067e-06 4.114e-04 9.076e-06 7.381e-05 4.172e-06 7.263e-05 5.768e-08 4.152e-06 4.124e-07 2.062e-05 1.507e-05 1.430e-03 3.968e-06 8.449e-05 
0.5093390  0.26050  7.663e+06  1.868e+01  1.917e+16  0.99059  0.70393  0.27487  2.539e-03 3.170e-03 4.011e-05 9.384e-04 2.283e-06 8.711e-03 3.520e-06 2.091e-05 1.958e-03 3.887e-05 7.477e-04 6.747e-05 8.251e-04 7.064e-06 4.112e-04 9.072e-06 7.378e-05 4.170e-06 7.260e-05 5.765e-08 4.150e-06 4.122e-07 2.061e-05 1.506e-05 1.429e-03 3.966e-06 8.445e-05 
0.5227292  0.26550  7.541e+06  1.769e+01  1.788e+16  0.99222  0.70463  0.27391  2.815e-03 3.169e-03 3.955e-05 9.377e-04 2.290e-06 8.705e-03 3.517e-06 2.089e-05 1.957e-03 3.885e-05 7.474e-04 6.744e-05 8.248e-04 7.060e-06 4.110e-04 9.068e-06 7.375e-05 4.169e-06 7.257e-05 5.763e-08 4.148e-06 4.120e-07 2.060e-05 1.506e-05 1.428e-03 3.965e-06 8.442e-05 
0.5358897  0.27050  7.423e+06  1.675e+01  1.667e+16  0.99358  0.70526  0.27306  3.038e-03 3.167e-03 3.916e-05 9.372e-04 2.295e-06 8.700e-03 3.515e-06 2.088e-05 1.956e-03 3.883e-05 7.471e-04 6.741e-05 8.244e-04 7.058e-06 4.109e-04 9.064e-06 7.372e-05 4.167e-06 7.254e-05 5.760e-08 4.147e-06 4.119e-07 2.059e-05 1.505e-05 1.428e-03 3.963e-06 8.438e-05 
0.5488213  0.27550  7.307e+06  1.586e+01  1.554e+16  0.99468  0.70586  0.27235  3.169e-03 3.166e-03 3.890e-05 9.366e-04 2.297e-06 8.695e-03 3.513e-06 2.086e-05 1.954e-03 3.882e-05 7.468e-04 6.738e-05 8.241e-04 7.055e-06 4.107e-04 9.060e-06 7.369e-05 4.165e-06 7.251e-05 5.758e-08 4.145e-06 4.117e-07 2.058e-05 1.504e-05 1.427e-03 3.961e-06 8.435e-05 
0.5615269  0.28050  7.194e+06  1.501e+01  1.448e+16  0.99556  0.70643  0.27176  3.193e-03 3.164e-03 3.871e-05 9.361e-04 2.298e-06 8.691e-03 3.511e-06 2.085e-05 1.954e-03 3.880e-05 7.465e-04 6.736e-05 8.238e-04 7.052e-06 4.106e-04 9.057e-06 7.366e-05 4.164e-06 7.248e-05 5.756e-08 4.144e-06 4.115e-07 2.057e-05 1.504e-05 1.427e-03 3.960e-06 8.432e-05 
0.5739709  0.28550  7.083e+06  1.420e+01  1.349e+16  0.99623  0.70699  0.27130  3.101e-03 3.163e-03 3.858e-05 9.356e-04 2.298e-06 8.686e-03 3.509e-06 2.084e-05 1.953e-03 3.879e-05 7.463e-04 6.734e-05 8.235e-04 7.050e-06 4.104e-04 9.054e-06 7.364e-05 4.162e-06 7.246e-05 5.754e-08 4.142e-06 4.114e-07 2.057e-05 1.503e-05 1.426e-03 3.959e-06 8.429e-05 
0.5861794  0.29050  6.975e+06  1.343e+01  1.257e+16  0.99675  0.70754  0.27093  2.931e-03 3.161e-03 3.848e-05 9.350e-04 2.298e-06 8.681e-03 3.507e-06 2.083e-05 1.951e-03 3.877e-05 7.459e-04 6.731e-05 8.232e-04 7.047e-06 4.102e-04 9.050e-06 7.361e-05 4.161e-06 7.243e-05 5.752e-08 4.140e-06 4.112e-07 2.056e-05 1.503e-05 1.426e-03 3.957e-06 8.425e-05 
0.5981283  0.29550  6.869e+06  1.270e+01  1.171e+16  0.99716  0.70807  0.27064  2.705e-03 3.159e-03 3.841e-05 9.345e-04 2.297e-06 8.677e-03 3.505e-06 2.081e-05 1.950e-03 3.876e-05 7.457e-04 6.729e-05 8.229e-04 7.045e-06 4.101e-04 9.047e-06 7.358e-05 4.159e-06 7.240e-05 5.750e-08 4.139e-06 4.111e-07 2.055e-05 1.502e-05 1.425e-03 3.956e-06 8.423e-05 
0.6097836  0.30050  6.766e+06  1.201e+01  1.091e+16  0.99747  0.70856  0.27040  2.454e-03 3.157e-03 3.836e-05 9.341e-04 2.296e-06 8.672e-03 3.503e-06 2.080e-05 1.949e-03 3.875e-05 7.454e-04 6.726e-05 8.226e-04 7.042e-06 4.100e-04 9.044e-06 7.355e-05 4.158e-06 7.238e-05 5.748e-08 4.138e-06 4.109e-07 2.054e-05 1.502e-05 1.425e-03 3.954e-06 8.420e-05 
0.6212251  0.30550  6.665e+06  1.136e+01  1.016e+16  0.99773  0.70903  0.27019  2.202e-03 3.156e-03 3.831e-05 9.336e-04 2.295e-06 8.668e-03 3.502e-06 2.079e-05 1.949e-03 3.874e-05 7.452e-04 6.724e-05 8.224e-04 7.040e-06 4.098e-04 9.041e-06 7.353e-05 4.157e-06 7.236e-05 5.746e-08 4.136e-06 4.108e-07 2.054e-05 1.501e-05 1.424e-03 3.953e-06 8.417e-05 
0.6323746  0.31050  6.567e+06  1.073e+01  9.467e+15  0.99794  0.70947  0.27000  1.962e-03 3.154e-03 3.828e-05 9.331e-04 2.294e-06 8.664e-03 3.500e-06 2.078e-05 1.948e-03 3.872e-05 7.449e-04 6.722e-05 8.221e-04 7.038e-06 4.097e-04 9.038e-06 7.351e-05 4.155e-06 7.233e-05 5.744e-08 4.135e-06 4.107e-07 2.053e-05 1.501e-05 1.424e-03 3.952e-06 8.414e-05 
0.6432714  0.31550  6.470e+06  1.015e+01  8.819e+15  0.99811  0.70989  0.26982  1.739e-03 3.153e-03 3.825e-05 9.327e-04 2.293e-06 8.659e-03 3.498e-06 2.077e-05 1.947e-03 3.871e-05 7.447e-04 6.720e-05 8.218e-04 7.035e-06 4.095e-04 9.035e-06 7.348e-05 4.154e-06 7.231e-05 5.742e-08 4.133e-06 4.105e-07 2.052e-05 1.500e-05 1.423e-03 3.950e-06 8.411e-05 
0.6538988  0.32050  6.376e+06  9.590e+00  8.216e+15  0.99825  0.71027  0.26964  1.538e-03 3.151e-03 3.822e-05 9.322e-04 2.292e-06 8.655e-03 3.496e-06 2.076e-05 1.946e-03 3.870e-05 7.444e-04 6.717e-05 8.215e-04 7.033e-06 4.094e-04 9.032e-06 7.346e-05 4.152e-06 7.228e-05 5.740e-08 4.132e-06 4.104e-07 2.052e-05 1.500e-05 1.423e-03 3.949e-06 8.408e-05 
0.6642480  0.32550  6.284e+06  9.064e+00  7.654e+15  0.99837  0.71062  0.26948  1.358e-03 3.149e-03 3.819e-05 9.318e-04 2.291e-06 8.651e-03 3.494e-06 2.075e-05 1.945e-03 3.868e-05 7.442e-04 6.715e-05 8.213e-04 7.031e-06 4.093e-04 9.029e-06 7.343e-05 4.151e-06 7.226e-05 5.738e-08 4.131e-06 4.103e-07 2.051e-05 1.499e-05 1.422e-03 3.948e-06 8.406e-05 
0.6743477  0.33050  6.194e+06  8.567e+00  7.131e+15  0.99847  0.71095  0.26932  1.198e-03 3.148e-03 3.817e-05 9.314e-04 2.290e-06 8.648e-03 3.493e-06 2.074e-05 1.944e-03 3.867e-05 7.440e-04 6.714e-05 8.210e-04 7.029e-06 4.092e-04 9.027e-06 7.341e-05 4.150e-06 7.224e-05 5.737e-08 4.130e-06 4.102e-07 2.050e-05 1.499e-05 1.422e-03 3.947e-06 8.404e-05 
0.6842012  0.33550  6.105e+06  8.096e+00  6.644e+15  0.99856  0.71126  0.26916  1.056e-03 3.146e-03 3.815e-05 9.309e-04 2.288e-06 8.643e-03 3.491e-06 2.072e-05 1.943e-03 3.866e-05 7.437e-04 6.711e-05 8.207e-04 7.026e-06 4.090e-04 9.023e-06 7.339e-05 4.148e-06 7.221e-05 5.735e-08 4.128e-06 4.100e-07 2.050e-05 1.498e-05 1.421e-03 3.945e-06 8.400e-05 
0.6937589  0.34050  6.019e+06  7.652e+00  6.192e+15  0.99863  0.71154  0.26901  9.326e-04 3.145e-03 3.813e-05 9.305e-04 2.288e-06 8.640e-03 3.489e-06 2.072e-05 1.942e-03 3.865e-05 7.435e-04 6.709e-05 8.205e-04 7.024e-06 4.089e-04 9.021e-06 7.337e-05 4.147e-06 7.220e-05 5.733e-08 4.127e-06 4.099e-07 2.049e-05 1.498e-05 1.421e-03 3.944e-06 8.398e-05 
0.7030953  0.34550  5.935e+06  7.232e+00  5.770e+15  0.99869  0.71180  0.26887  8.222e-04 3.144e-03 3.811e-05 9.302e-04 2.287e-06 8.637e-03 3.488e-06 2.071e-05 1.942e-03 3.864e-05 7.434e-04 6.708e-05 8.204e-04 7.023e-06 4.088e-04 9.019e-06 7.335e-05 4.146e-06 7.218e-05 5.732e-08 4.126e-06 4.098e-07 2.049e-05 1.498e-05 1.421e-03 3.943e-06 8.396e-05 
0.7121507  0.35050  5.852e+06  6.835e+00  5.379e+15  0.99874  0.71205  0.26872  7.266e-04 3.142e-03 3.809e-05 9.297e-04 2.285e-06 8.633e-03 3.486e-06 2.070e-05 1.941e-03 3.863e-05 7.431e-04 6.706e-05 8.201e-04 7.021e-06 4.087e-04 9.016e-06 7.333e-05 4.145e-06 7.216e-05 5.730e-08 4.125e-06 4.097e-07 2.048e-05 1.497e-05 1.420e-03 3.942e-06 8.394e-05 
0.7209788  0.35550  5.771e+06  6.461e+00  5.014e+15  0.99878  0.71229  0.26857  6.418e-04 3.141e-03 3.808e-05 9.293e-04 2.284e-06 8.629e-03 3.485e-06 2.069e-05 1.940e-03 3.862e-05 7.429e-04 6.704e-05 8.199e-04 7.019e-06 4.086e-04 9.014e-06 7.331e-05 4.144e-06 7.214e-05 5.729e-08 4.124e-06 4.096e-07 2.048e-05 1.497e-05 1.420e-03 3.941e-06 8.392e-05 
0.7295583  0.36050  5.692e+06  6.107e+00  4.675e+15  0.99882  0.71252  0.26843  5.674e-04 3.140e-03 3.806e-05 9.289e-04 2.283e-06 8.626e-03 3.483e-06 2.068e-05 1.939e-03 3.861e-05 7.427e-04 6.702e-05 8.196e-04 7.017e-06 4.085e-04 9.011e-06 7.329e-05 4.143e-06 7.212e-05 5.727e-08 4.123e-06 4.095e-07 2.047e-05 1.496e-05 1.419e-03 3.940e-06 8.389e-05 
0.7379035  0.36550  5.614e+06  5.773e+00  4.360e+15  0.99885  0.71272  0.26829  5.019e-04 3.139e-03 3.804e-05 9.287e-04 2.283e-06 8.623e-03 3.482e-06 2.067e-05 1.939e-03 3.860e-05 7.426e-04 6.701e-05 8.195e-04 7.016e-06 4.084e-04 9.010e-06 7.328e-05 4.142e-06 7.211e-05 5.726e-08 4.122e-06 4.094e-07 2.047e-05 1.496e-05 1.419e-03 3.939e-06 8.388e-05 
0.7459931  0.37050  5.538e+06  5.458e+00  4.066e+15  0.99887  0.71293  0.26815  4.451e-04 3.137e-03 3.802e-05 9.282e-04 2.282e-06 8.619e-03 3.481e-06 2.066e-05 1.938e-03 3.859e-05 7.423e-04 6.699e-05 8.192e-04 7.013e-06 4.083e-04 9.007e-06 7.325e-05 4.141e-06 7.208e-05 5.724e-08 4.120e-06 4.092e-07 2.046e-05 1.495e-05 1.419e-03 3.938e-06 8.385e-05 
0.7538548  0.37550  5.464e+06  5.161e+00  3.794e+15  0.99889  0.71313  0.26801  3.951e-04 3.136e-03 3.801e-05 9.278e-04 2.281e-06 8.616e-03 3.479e-06 2.065e-05 1.937e-03 3.858e-05 7.422e-04 6.697e-05 8.190e-04 7.011e-06 4.082e-04 9.004e-06 7.323e-05 4.140e-06 7.206e-05 5.723e-08 4.119e-06 4.091e-07 2.045e-05 1.495e-05 1.418e-03 3.937e-06 8.383e-05 
0.7614819  0.38050  5.391e+06  4.880e+00  3.540e+15  0.99891  0.71331  0.26788  3.514e-04 3.135e-03 3.799e-05 9.275e-04 2.280e-06 8.613e-03 3.478e-06 2.064e-05 1.936e-03 3.857e-05 7.420e-04 6.696e-05 8.188e-04 7.010e-06 4.081e-04 9.003e-06 7.322e-05 4.139e-06 7.205e-05 5.721e-08 4.119e-06 4.091e-07 2.045e-05 1.495e-05 1.418e-03 3.936e-06 8.381e-05 
0.7689080  0.38550  5.319e+06  4.616e+00  3.304e+15  0.99892  0.71349  0.26775  3.125e-04 3.134e-03 3.798e-05 9.272e-04 2.279e-06 8.610e-03 3.477e-06 2.064e-05 1.936e-03 3.856e-05 7.418e-04 6.694e-05 8.187e-04 7.008e-06 4.080e-04 9.001e-06 7.320e-05 4.138e-06 7.203e-05 5.720e-08 4.118e-06 4.090e-07 2.044e-05 1.494e-05 1.418e-03 3.935e-06 8.379e-05 
0.7761005  0.39050  5.249e+06  4.366e+00  3.084e+15  0.99894  0.71366  0.26761  2.788e-04 3.132e-03 3.796e-05 9.268e-04 2.278e-06 8.606e-03 3.475e-06 2.063e-05 1.935e-03 3.855e-05 7.417e-04 6.692e-05 8.185e-04 7.007e-06 4.079e-04 8.998e-06 7.318e-05 4.137e-06 7.201e-05 5.719e-08 4.117e-06 4.089e-07 2.044e-05 1.494e-05 1.417e-03 3.934e-06 8.377e-05 
0.7831031  0.39550  5.180e+06  4.130e+00  2.879e+15  0.99895  0.71383  0.26748  2.488e-04 3.131e-03 3.794e-05 9.264e-04 2.277e-06 8.603e-03 3.474e-06 2.062e-05 1.934e-03 3.854e-05 7.414e-04 6.690e-05 8.182e-04 7.005e-06 4.078e-04 8.996e-06 7.316e-05 4.136e-06 7.199e-05 5.717e-08 4.115e-06 4.088e-07 2.043e-05 1.494e-05 1.417e-03 3.933e-06 8.375e-05 
0.7898626  0.40050  5.113e+06  3.908e+00  2.689e+15  0.99895  0.71400  0.26734  2.230e-04 3.130e-03 3.793e-05 9.261e-04 2.276e-06 8.600e-03 3.472e-06 2.061e-05 1.933e-03 3.853e-05 7.413e-04 6.689e-05 8.181e-04 7.003e-06 4.077e-04 8.994e-06 7.315e-05 4.135e-06 7.198e-05 5.716e-08 4.115e-06 4.087e-07 2.043e-05 1.493e-05 1.417e-03 3.932e-06 8.373e-05 
0.7964386  0.40550  5.046e+06  3.698e+00  2.512e+15  0.99896  0.71416  0.26721  2.001e-04 3.129e-03 3.791e-05 9.258e-04 2.275e-06 8.597e-03 3.471e-06 2.060e-05 1.933e-03 3.853e-05 7.411e-04 6.688e-05 8.179e-04 7.002e-06 4.076e-04 8.992e-06 7.313e-05 4.134e-06 7.196e-05 5.715e-08 4.114e-06 4.086e-07 2.043e-05 1.493e-05 1.416e-03 3.932e-06 8.371e-05 
0.8028381  0.41050  4.981e+06  3.500e+00  2.347e+15  0.99896  0.71431  0.26708  1.798e-04 3.128e-03 3.790e-05 9.254e-04 2.274e-06 8.594e-03 3.470e-06 2.059e-05 1.932e-03 3.851e-05 7.409e-04 6.686e-05 8.177e-04 7.000e-06 4.075e-04 8.989e-06 7.311e-05 4.133e-06 7.194e-05 5.713e-08 4.113e-06 4.085e-07 2.042e-05 1.493e-05 1.416e-03 3.930e-06 8.369e-05 
0.8090195  0.41550  4.918e+06  3.313e+00  2.194e+15  0.99897  0.71447  0.26695  1.622e-04 3.126e-03 3.788e-05 9.251e-04 2.273e-06 8.591e-03 3.469e-06 2.059e-05 1.932e-03 3.851e-05 7.408e-04 6.685e-05 8.175e-04 6.998e-06 4.074e-04 8.988e-06 7.310e-05 4.132e-06 7.193e-05 5.712e-08 4.112e-06 4.084e-07 2.042e-05 1.492e-05 1.416e-03 3.930e-06 8.367e-05 
0.8150023  0.42050  4.855e+06  3.137e+00  2.051e+15  0.99897  0.71461  0.26683  1.469e-04 3.125e-03 3.787e-05 9.248e-04 2.273e-06 8.588e-03 3.467e-06 2.058e-05 1.931e-03 3.850e-05 7.406e-04 6.683e-05 8.173e-04 6.997e-06 4.073e-04 8.986e-06 7.308e-05 4.131e-06 7.191e-05 5.711e-08 4.111e-06 4.083e-07 2.041e-05 1.492e-05 1.415e-03 3.929e-06 8.365e-05 
0.8208304  0.42550  4.793e+06  2.971e+00  1.918e+15  0.99897  0.71476  0.26670  1.332e-04 3.124e-03 3.785e-05 9.245e-04 2.272e-06 8.585e-03 3.466e-06 2.057e-05 1.930e-03 3.849e-05 7.405e-04 6.682e-05 8.172e-04 6.995e-06 4.072e-04 8.984e-06 7.307e-05 4.130e-06 7.190e-05 5.710e-08 4.110e-06 4.082e-07 2.041e-05 1.492e-05 1.415e-03 3.928e-06 8.364e-05 
0.8264624  0.43050  4.733e+06  2.814e+00  1.794e+15  0.99897  0.71490  0.26658  1.213e-04 3.123e-03 3.784e-05 9.242e-04 2.271e-06 8.582e-03 3.465e-06 2.056e-05 1.930e-03 3.848e-05 7.403e-04 6.680e-05 8.170e-04 6.994e-06 4.071e-04 8.982e-06 7.305e-05 4.129e-06 7.188e-05 5.708e-08 4.109e-06 4.081e-07 2.040e-05 1.491e-05 1.415e-03 3.927e-06 8.362e-05 
0.8319569  0.43550  4.674e+06  2.666e+00  1.678e+15  0.99897  0.71504  0.26645  1.107e-04 3.122e-03 3.782e-05 9.238e-04 2.270e-06 8.579e-03 3.464e-06 2.055e-05 1.929e-03 3.847e-05 7.401e-04 6.678e-05 8.168e-04 6.992e-06 4.070e-04 8.980e-06 7.303e-05 4.128e-06 7.186e-05 5.707e-08 4.108e-06 4.080e-07 2.040e-05 1.491e-05 1.414e-03 3.926e-06 8.360e-05 
0.8372483  0.44050  4.615e+06  2.526e+00  1.571e+15  0.99897  0.71518  0.26633  1.015e-04 3.121e-03 3.781e-05 9.235e-04 2.269e-06 8.576e-03 3.462e-06 2.055e-05 1.928e-03 3.847e-05 7.400e-04 6.677e-05 8.166e-04 6.991e-06 4.070e-04 8.978e-06 7.302e-05 4.127e-06 7.185e-05 5.706e-08 4.107e-06 4.079e-07 2.039e-05 1.491e-05 1.414e-03 3.925e-06 8.358e-05 
0.8423920  0.44550  4.558e+06  2.394e+00  1.470e+15  0.99897  0.71532  0.26621  9.340e-05 3.120e-03 3.780e-05 9.232e-04 2.268e-06 8.574e-03 3.461e-06 2.054e-05 1.928e-03 3.846e-05 7.399e-04 6.676e-05 8.165e-04 6.990e-06 4.069e-04 8.976e-06 7.301e-05 4.127e-06 7.184e-05 5.705e-08 4.107e-06 4.079e-07 2.039e-05 1.490e-05 1.414e-03 3.925e-06 8.357e-05 
0.8473828  0.45050  4.502e+06  2.270e+00  1.377e+15  0.99897  0.71545  0.26608  8.625e-05 3.119e-03 3.778e-05 9.229e-04 2.268e-06 8.570e-03 3.460e-06 2.053e-05 1.927e-03 3.845e-05 7.397e-04 6.674e-05 8.163e-04 6.988e-06 4.068e-04 8.974e-06 7.299e-05 4.126e-06 7.182e-05 5.703e-08 4.106e-06 4.078e-07 2.038e-05 1.490e-05 1.414e-03 3.924e-06 8.355e-05 
0.8522023  0.45550  4.446e+06  2.152e+00  1.289e+15  0.99897  0.71559  0.26596  8.005e-05 3.118e-03 3.777e-05 9.226e-04 2.267e-06 8.568e-03 3.459e-06 2.052e-05 1.926e-03 3.844e-05 7.395e-04 6.673e-05 8.161e-04 6.986e-06 4.067e-04 8.972e-06 7.297e-05 4.125e-06 7.181e-05 5.702e-08 4.105e-06 4.077e-07 2.038e-05 1.490e-05 1.413e-03 3.923e-06 8.353e-05 
0.8568956  0.46050  4.392e+06  2.041e+00  1.208e+15  0.99897  0.71572  0.26584  7.450e-05 3.117e-03 3.776e-05 9.223e-04 2.266e-06 8.565e-03 3.458e-06 2.052e-05 1.926e-03 3.844e-05 7.394e-04 6.672e-05 8.160e-04 6.985e-06 4.066e-04 8.971e-06 7.296e-05 4.124e-06 7.179e-05 5.701e-08 4.104e-06 4.076e-07 2.038e-05 1.490e-05 1.413e-03 3.922e-06 8.352e-05 
0.8614357  0.46550  4.338e+06  1.936e+00  1.132e+15  0.99897  0.71585  0.26572  6.967e-05 3.115e-03 3.774e-05 9.220e-04 2.265e-06 8.562e-03 3.457e-06 2.051e-05 1.925e-03 3.843e-05 7.392e-04 6.671e-05 8.158e-04 6.984e-06 4.066e-04 8.969e-06 7.295e-05 4.123e-06 7.178e-05 5.700e-08 4.103e-06 4.075e-07 2.037e-05 1.489e-05 1.413e-03 3.921e-06 8.350e-05 
0.8658320  0.47050  4.285e+06  1.837e+00  1.061e+15  0.99897  0.71598  0.26560  6.543e-05 3.114e-03 3.773e-05 9.217e-04 2.264e-06 8.560e-03 3.455e-06 2.050e-05 1.925e-03 3.842e-05 7.391e-04 6.669e-05 8.156e-04 6.982e-06 4.065e-04 8.967e-06 7.293e-05 4.122e-06 7.176e-05 5.699e-08 4.102e-06 4.075e-07 2.037e-05 1.489e-05 1.413e-03 3.921e-06 8.348e-05 
0.8700982  0.47550  4.234e+06  1.743e+00  9.948e+14  0.99897  0.71610  0.26548  6.169e-05 3.113e-03 3.771e-05 9.214e-04 2.264e-06 8.557e-03 3.454e-06 2.050e-05 1.924e-03 3.841e-05 7.390e-04 6.668e-05 8.155e-04 6.981e-06 4.064e-04 8.966e-06 7.292e-05 4.122e-06 7.175e-05 5.698e-08 4.102e-06 4.074e-07 2.037e-05 1.489e-05 1.412e-03 3.920e-06 8.347e-05 
0.8742245  0.48050  4.183e+06  1.654e+00  9.330e+14  0.99897  0.71623  0.26537  5.843e-05 3.112e-03 3.770e-05 9.211e-04 2.263e-06 8.555e-03 3.453e-06 2.049e-05 1.924e-03 3.841e-05 7.388e-04 6.667e-05 8.153e-04 6.980e-06 4.063e-04 8.964e-06 7.290e-05 4.121e-06 7.174e-05 5.697e-08 4.101e-06 4.073e-07 2.036e-05 1.488e-05 1.412e-03 3.919e-06 8.345e-05 
0.8782285  0.48550  4.132e+06  1.571e+00  8.753e+14  0.99896  0.71635  0.26525  5.554e-05 3.111e-03 3.769e-05 9.208e-04 2.262e-06 8.552e-03 3.452e-06 2.048e-05 1.923e-03 3.840e-05 7.387e-04 6.666e-05 8.152e-04 6.979e-06 4.063e-04 8.962e-06 7.289e-05 4.120e-06 7.173e-05 5.696e-08 4.100e-06 4.072e-07 2.036e-05 1.488e-05 1.412e-03 3.919e-06 8.344e-05 
0.8821112  0.49050  4.083e+06  1.492e+00  8.213e+14  0.99896  0.71647  0.26514  5.300e-05 3.111e-03 3.768e-05 9.206e-04 2.262e-06 8.550e-03 3.451e-06 2.048e-05 1.923e-03 3.839e-05 7.386e-04 6.665e-05 8.151e-04 6.978e-06 4.062e-04 8.961e-06 7.288e-05 4.120e-06 7.172e-05 5.695e-08 4.100e-06 4.072e-07 2.036e-05 1.488e-05 1.412e-03 3.918e-06 8.342e-05 
0.8858703  0.49550  4.034e+06  1.417e+00  7.709e+14  0.99896  0.71659  0.26503  5.078e-05 3.110e-03 3.767e-05 9.204e-04 2.261e-06 8.548e-03 3.450e-06 2.047e-05 1.922e-03 3.839e-05 7.385e-04 6.664e-05 8.150e-04 6.977e-06 4.061e-04 8.960e-06 7.287e-05 4.119e-06 7.171e-05 5.694e-08 4.099e-06 4.071e-07 2.035e-05 1.488e-05 1.411e-03 3.917e-06 8.341e-05 
0.8895232  0.50050  3.986e+06  1.346e+00  7.237e+14  0.99896  0.71671  0.26492  4.880e-05 3.109e-03 3.766e-05 9.201e-04 2.260e-06 8.546e-03 3.450e-06 2.047e-05 1.922e-03 3.838e-05 7.384e-04 6.663e-05 8.149e-04 6.976e-06 4.061e-04 8.959e-06 7.286e-05 4.119e-06 7.170e-05 5.694e-08 4.099e-06 4.071e-07 2.035e-05 1.488e-05 1.411e-03 3.917e-06 8.340e-05 
0.8930616  0.50550  3.938e+06  1.279e+00  6.796e+14  0.99896  0.71683  0.26480  4.706e-05 3.108e-03 3.764e-05 9.199e-04 2.260e-06 8.544e-03 3.449e-06 2.046e-05 1.921e-03 3.838e-05 7.383e-04 6.662e-05 8.147e-04 6.975e-06 4.060e-04 8.957e-06 7.285e-05 4.118e-06 7.169e-05 5.693e-08 4.098e-06 4.070e-07 2.035e-05 1.487e-05 1.411e-03 3.916e-06 8.339e-05 
0.8964847  0.51050  3.892e+06  1.216e+00  6.384e+14  0.99896  0.71694  0.26469  4.555e-05 3.107e-03 3.763e-05 9.197e-04 2.259e-06 8.542e-03 3.448e-06 2.045e-05 1.921e-03 3.837e-05 7.382e-04 6.661e-05 8.146e-04 6.974e-06 4.060e-04 8.956e-06 7.284e-05 4.117e-06 7.168e-05 5.692e-08 4.097e-06 4.070e-07 2.034e-05 1.487e-05 1.411e-03 3.916e-06 8.338e-05 
0.8998175  0.51550  3.845e+06  1.156e+00  5.998e+14  0.99896  0.71706  0.26458  4.419e-05 3.106e-03 3.762e-05 9.194e-04 2.258e-06 8.539e-03 3.447e-06 2.045e-05 1.920e-03 3.836e-05 7.381e-04 6.660e-05 8.145e-04 6.973e-06 4.059e-04 8.955e-06 7.283e-05 4.117e-06 7.166e-05 5.691e-08 4.097e-06 4.069e-07 2.034e-05 1.487e-05 1.411e-03 3.915e-06 8.336e-05 
0.9030386  0.52050  3.800e+06  1.099e+00  5.637e+14  0.99895  0.71718  0.26447  4.302e-05 3.106e-03 3.761e-05 9.192e-04 2.258e-06 8.538e-03 3.446e-06 2.044e-05 1.920e-03 3.836e-05 7.380e-04 6.659e-05 8.144e-04 6.972e-06 4.059e-04 8.954e-06 7.282e-05 4.116e-06 7.166e-05 5.690e-08 4.096e-06 4.069e-07 2.034e-05 1.487e-05 1.410e-03 3.915e-06 8.336e-05 
0.9061603  0.52550  3.755e+06  1.046e+00  5.299e+14  0.99895  0.71730  0.26435  4.198e-05 3.105e-03 3.760e-05 9.189e-04 2.257e-06 8.535e-03 3.445e-06 2.044e-05 1.920e-03 3.835e-05 7.379e-04 6.658e-05 8.143e-04 6.971e-06 4.058e-04 8.952e-06 7.281e-05 4.116e-06 7.165e-05 5.689e-08 4.096e-06 4.068e-07 2.034e-05 1.486e-05 1.410e-03 3.914e-06 8.334e-05 
0.9091838  0.53050  3.711e+06  9.947e-01  4.982e+14  0.99895  0.71742  0.26424  4.107e-05 3.104e-03 3.759e-05 9.187e-04 2.257e-06 8.533e-03 3.444e-06 2.043e-05 1.919e-03 3.835e-05 7.378e-04 6.657e-05 8.142e-04 6.970e-06 4.058e-04 8.951e-06 7.280e-05 4.115e-06 7.164e-05 5.689e-08 4.095e-06 4.067e-07 2.033e-05 1.486e-05 1.410e-03 3.914e-06 8.333e-05 
0.9121228  0.53550  3.667e+06  9.466e-01  4.685e+14  0.99895  0.71754  0.26412  4.026e-05 3.103e-03 3.758e-05 9.185e-04 2.256e-06 8.531e-03 3.443e-06 2.043e-05 1.919e-03 3.834e-05 7.377e-04 6.656e-05 8.141e-04 6.969e-06 4.057e-04 8.950e-06 7.279e-05 4.115e-06 7.163e-05 5.688e-08 4.094e-06 4.067e-07 2.033e-05 1.486e-05 1.410e-03 3.913e-06 8.332e-05 
0.9149747  0.54050  3.623e+06  9.010e-01  4.407e+14  0.99895  0.71765  0.26401  3.955e-05 3.102e-03 3.757e-05 9.183e-04 2.256e-06 8.530e-03 3.442e-06 2.042e-05 1.918e-03 3.834e-05 7.376e-04 6.656e-05 8.140e-04 6.968e-06 4.057e-04 8.949e-06 7.279e-05 4.114e-06 7.162e-05 5.688e-08 4.094e-06 4.066e-07 2.033e-05 1.486e-05 1.410e-03 3.913e-06 8.331e-05 
0.9177238  0.54550  3.580e+06  8.578e-01  4.147e+14  0.99895  0.71777  0.26390  3.894e-05 3.101e-03 3.756e-05 9.180e-04 2.255e-06 8.527e-03 3.442e-06 2.042e-05 1.918e-03 3.834e-05 7.375e-04 6.655e-05 8.139e-04 6.967e-06 4.056e-04 8.948e-06 7.277e-05 4.114e-06 7.161e-05 5.687e-08 4.094e-06 4.066e-07 2.033e-05 1.486e-05 1.409e-03 3.912e-06 8.330e-05 
0.9204088  0.55050  3.538e+06  8.168e-01  3.903e+14  0.99895  0.71789  0.26379  3.838e-05 3.101e-03 3.755e-05 9.178e-04 2.254e-06 8.526e-03 3.441e-06 2.041e-05 1.918e-03 3.833e-05 7.374e-04 6.654e-05 8.138e-04 6.967e-06 4.056e-04 8.947e-06 7.277e-05 4.113e-06 7.160e-05 5.686e-08 4.093e-06 4.065e-07 2.032e-05 1.486e-05 1.409e-03 3.912e-06 8.329e-05 
0.9230060  0.55550  3.496e+06  7.780e-01  3.673e+14  0.99895  0.71801  0.26367  3.789e-05 3.100e-03 3.754e-05 9.176e-04 2.254e-06 8.524e-03 3.440e-06 2.041e-05 1.917e-03 3.833e-05 7.373e-04 6.653e-05 8.137e-04 6.966e-06 4.055e-04 8.946e-06 7.276e-05 4.113e-06 7.159e-05 5.685e-08 4.093e-06 4.065e-07 2.032e-05 1.485e-05 1.409e-03 3.911e-06 8.328e-05 
0.9255246  0.56050  3.454e+06  7.412e-01  3.458e+14  0.99894  0.71812  0.26356  3.747e-05 3.099e-03 3.753e-05 9.174e-04 2.253e-06 8.522e-03 3.439e-06 2.040e-05 1.917e-03 3.832e-05 7.373e-04 6.653e-05 8.136e-04 6.965e-06 4.055e-04 8.945e-06 7.275e-05 4.112e-06 7.159e-05 5.685e-08 4.092e-06 4.065e-07 2.032e-05 1.485e-05 1.409e-03 3.911e-06 8.328e-05 
0.9279708  0.56550  3.413e+06  7.063e-01  3.257e+14  0.99894  0.71823  0.26345  3.709e-05 3.099e-03 3.752e-05 9.173e-04 2.253e-06 8.521e-03 3.439e-06 2.040e-05 1.917e-03 3.832e-05 7.372e-04 6.652e-05 8.136e-04 6.965e-06 4.054e-04 8.944e-06 7.275e-05 4.112e-06 7.158e-05 5.684e-08 4.092e-06 4.064e-07 2.032e-05 1.485e-05 1.409e-03 3.911e-06 8.327e-05 
0.9303393  0.57050  3.372e+06  6.733e-01  3.067e+14  0.99894  0.71834  0.26335  3.676e-05 3.098e-03 3.751e-05 9.171e-04 2.252e-06 8.519e-03 3.438e-06 2.039e-05 1.916e-03 3.832e-05 7.372e-04 6.652e-05 8.135e-04 6.964e-06 4.054e-04 8.944e-06 7.274e-05 4.112e-06 7.158e-05 5.684e-08 4.092e-06 4.064e-07 2.032e-05 1.485e-05 1.409e-03 3.911e-06 8.327e-05 
0.9326376  0.57550  3.331e+06  6.419e-01  2.889e+14  0.99894  0.71845  0.26324  3.647e-05 3.098e-03 3.750e-05 9.170e-04 2.252e-06 8.518e-03 3.438e-06 2.039e-05 1.916e-03 3.832e-05 7.371e-04 6.652e-05 8.135e-04 6.964e-06 4.054e-04 8.944e-06 7.274e-05 4.112e-06 7.157e-05 5.684e-08 4.092e-06 4.064e-07 2.032e-05 1.485e-05 1.409e-03 3.910e-06 8.326e-05 
0.9348603  0.58050  3.291e+06  6.121e-01  2.722e+14  0.99894  0.71855  0.26315  3.622e-05 3.097e-03 3.750e-05 9.169e-04 2.252e-06 8.518e-03 3.437e-06 2.039e-05 1.916e-03 3.832e-05 7.372e-04 6.652e-05 8.135e-04 6.964e-06 4.054e-04 8.944e-06 7.274e-05 4.112e-06 7.158e-05 5.684e-08 4.092e-06 4.064e-07 2.032e-05 1.485e-05 1.409e-03 3.910e-06 8.326e-05 
0.9370326  0.58550  3.251e+06  5.838e-01  2.565e+14  0.99894  0.71864  0.26305  3.599e-05 3.097e-03 3.749e-05 9.168e-04 2.252e-06 8.517e-03 3.437e-06 2.039e-05 1.916e-03 3.832e-05 7.371e-04 6.652e-05 8.135e-04 6.964e-06 4.054e-04 8.944e-06 7.274e-05 4.112e-06 7.158e-05 5.684e-08 4.092e-06 4.064e-07 2.032e-05 1.485e-05 1.409e-03 3.910e-06 8.326e-05 
0.9391293  0.59050  3.212e+06  5.570e-01  2.418e+14  0.99894  0.71873  0.26297  3.580e-05 3.097e-03 3.749e-05 9.168e-04 2.251e-06 8.517e-03 3.437e-06 2.039e-05 1.916e-03 3.832e-05 7.372e-04 6.652e-05 8.135e-04 6.964e-06 4.054e-04 8.944e-06 7.274e-05 4.112e-06 7.158e-05 5.684e-08 4.092e-06 4.064e-07 2.032e-05 1.485e-05 1.409e-03 3.911e-06 8.327e-05 
0.9411723  0.59550  3.172e+06  5.315e-01  2.279e+14  0.99894  0.71881  0.26288  3.562e-05 3.097e-03 3.749e-05 9.168e-04 2.251e-06 8.517e-03 3.437e-06 2.039e-05 1.916e-03 3.832e-05 7.373e-04 6.653e-05 8.136e-04 6.965e-06 4.055e-04 8.945e-06 7.275e-05 4.112e-06 7.159e-05 5.685e-08 4.092e-06 4.064e-07 2.032e-05 1.485e-05 1.409e-03 3.911e-06 8.327e-05 
0.9431490  0.60050  3.133e+06  5.073e-01  2.148e+14  0.99894  0.71889  0.26280  3.547e-05 3.097e-03 3.749e-05 9.168e-04 2.251e-06 8.518e-03 3.437e-06 2.039e-05 1.916e-03 3.833e-05 7.374e-04 6.654e-05 8.137e-04 6.966e-06 4.055e-04 8.946e-06 7.276e-05 4.113e-06 7.160e-05 5.685e-08 4.093e-06 4.065e-07 2.032e-05 1.485e-05 1.409e-03 3.911e-06 8.328e-05 
0.9450702  0.60550  3.094e+06  4.843e-01  2.026e+14  0.99893  0.71895  0.26274  3.534e-05 3.097e-03 3.749e-05 9.170e-04 2.252e-06 8.519e-03 3.438e-06 2.039e-05 1.917e-03 3.834e-05 7.375e-04 6.655e-05 8.139e-04 6.967e-06 4.056e-04 8.948e-06 7.277e-05 4.114e-06 7.161e-05 5.687e-08 4.093e-06 4.066e-07 2.032e-05 1.486e-05 1.409e-03 3.912e-06 8.330e-05 
0.9469297  0.61050  3.055e+06  4.625e-01  1.910e+14  0.99893  0.71900  0.26268  3.523e-05 3.098e-03 3.750e-05 9.172e-04 2.252e-06 8.521e-03 3.438e-06 2.039e-05 1.917e-03 3.834e-05 7.377e-04 6.656e-05 8.140e-04 6.969e-06 4.057e-04 8.950e-06 7.279e-05 4.114e-06 7.162e-05 5.688e-08 4.094e-06 4.067e-07 2.033e-05 1.486e-05 1.410e-03 3.913e-06 8.332e-05 
0.9487410  0.61550  3.016e+06  4.418e-01  1.801e+14  0.99893  0.71905  0.26263  3.513e-05 3.098e-03 3.751e-05 9.174e-04 2.253e-06 8.524e-03 3.439e-06 2.040e-05 1.918e-03 3.836e-05 7.379e-04 6.658e-05 8.143e-04 6.971e-06 4.058e-04 8.952e-06 7.281e-05 4.116e-06 7.165e-05 5.690e-08 4.096e-06 4.068e-07 2.034e-05 1.486e-05 1.410e-03 3.914e-06 8.334e-05 
0.9504967  0.62050  2.977e+06  4.221e-01  1.699e+14  0.99893  0.71909  0.26258  3.504e-05 3.099e-03 3.752e-05 9.178e-04 2.254e-06 8.528e-03 3.441e-06 2.041e-05 1.919e-03 3.837e-05 7.382e-04 6.661e-05 8.146e-04 6.974e-06 4.060e-04 8.956e-06 7.284e-05 4.117e-06 7.167e-05 5.692e-08 4.097e-06 4.069e-07 2.034e-05 1.487e-05 1.411e-03 3.916e-06 8.338e-05 
0.9522043  0.62550  2.938e+06  4.034e-01  1.603e+14  0.99893  0.71913  0.26254  3.497e-05 3.101e-03 3.754e-05 9.182e-04 2.255e-06 8.532e-03 3.443e-06 2.042e-05 1.920e-03 3.839e-05 7.385e-04 6.664e-05 8.150e-04 6.977e-06 4.062e-04 8.960e-06 7.287e-05 4.119e-06 7.171e-05 5.694e-08 4.099e-06 4.071e-07 2.035e-05 1.488e-05 1.411e-03 3.918e-06 8.342e-05 
0.9538608  0.63050  2.899e+06  3.856e-01  1.512e+14  0.99893  0.71917  0.26248  3.490e-05 3.103e-03 3.756e-05 9.188e-04 2.256e-06 8.538e-03 3.445e-06 2.043e-05 1.921e-03 3.841e-05 7.389e-04 6.668e-05 8.155e-04 6.981e-06 4.064e-04 8.965e-06 7.292e-05 4.122e-06 7.175e-05 5.698e-08 4.102e-06 4.074e-07 2.037e-05 1.489e-05 1.412e-03 3.920e-06 8.346e-05 
0.9554702  0.63550  2.861e+06  3.687e-01  1.426e+14  0.99893  0.71924  0.26240  3.484e-05 3.105e-03 3.758e-05 9.195e-04 2.258e-06 8.545e-03 3.448e-06 2.045e-05 1.923e-03 3.844e-05 7.395e-04 6.673e-05 8.160e-04 6.986e-06 4.067e-04 8.972e-06 7.297e-05 4.125e-06 7.180e-05 5.702e-08 4.104e-06 4.077e-07 2.038e-05 1.490e-05 1.413e-03 3.923e-06 8.352e-05 
0.9570331  0.64050  2.821e+06  3.526e-01  1.345e+14  0.99893  0.71935  0.26227  3.479e-05 3.108e-03 3.762e-05 9.204e-04 2.260e-06 8.553e-03 3.451e-06 2.047e-05 1.925e-03 3.847e-05 7.401e-04 6.678e-05 8.167e-04 6.992e-06 4.070e-04 8.979e-06 7.303e-05 4.128e-06 7.186e-05 5.706e-08 4.108e-06 4.080e-07 2.040e-05 1.491e-05 1.414e-03 3.926e-06 8.359e-05 
0.9585514  0.64550  2.782e+06  3.373e-01  1.269e+14  0.99893  0.71953  0.26207  3.474e-05 3.111e-03 3.766e-05 9.215e-04 2.263e-06 8.564e-03 3.455e-06 2.049e-05 1.928e-03 3.851e-05 7.408e-04 6.685e-05 8.176e-04 6.999e-06 4.074e-04 8.988e-06 7.310e-05 4.132e-06 7.193e-05 5.712e-08 4.112e-06 4.084e-07 2.042e-05 1.492e-05 1.416e-03 3.930e-06 8.368e-05 
0.9600262  0.65050  2.743e+06  3.227e-01  1.197e+14  0.99893  0.71980  0.26177  3.468e-05 3.115e-03 3.771e-05 9.228e-04 2.266e-06 8.577e-03 3.461e-06 2.052e-05 1.931e-03 3.856e-05 7.418e-04 6.694e-05 8.186e-04 7.008e-06 4.080e-04 9.000e-06 7.320e-05 4.138e-06 7.203e-05 5.720e-08 4.118e-06 4.090e-07 2.044e-05 1.494e-05 1.418e-03 3.935e-06 8.379e-05 
0.9614599  0.65550  2.703e+06  3.088e-01  1.129e+14  0.99893  0.72021  0.26133  3.462e-05 3.120e-03 3.776e-05 9.244e-04 2.270e-06 8.593e-03 3.467e-06 2.056e-05 1.935e-03 3.862e-05 7.430e-04 6.704e-05 8.199e-04 7.019e-06 4.086e-04 9.014e-06 7.331e-05 4.144e-06 7.214e-05 5.729e-08 4.124e-06 4.096e-07 2.048e-05 1.497e-05 1.420e-03 3.941e-06 8.392e-05 
0.9628529  0.66050  2.662e+06  2.956e-01  1.065e+14  0.99893  0.72080  0.26070  3.454e-05 3.123e-03 3.780e-05 9.258e-04 2.273e-06 8.608e-03 3.473e-06 2.059e-05 1.939e-03 3.869e-05 7.443e-04 6.717e-05 8.214e-04 7.032e-06 4.094e-04 9.031e-06 7.345e-05 4.152e-06 7.227e-05 5.739e-08 4.131e-06 4.103e-07 2.051e-05 1.499e-05 1.423e-03 3.948e-06 8.407e-05 
0.9642067  0.66550  2.621e+06  2.830e-01  1.005e+14  0.99892  0.72162  0.25987  3.445e-05 3.123e-03 3.778e-05 9.261e-04 2.273e-06 8.614e-03 3.475e-06 2.060e-05 1.941e-03 3.875e-05 7.455e-04 6.727e-05 8.227e-04 7.043e-06 4.100e-04 9.045e-06 7.356e-05 4.158e-06 7.239e-05 5.748e-08 4.138e-06 4.110e-07 2.055e-05 1.502e-05 1.425e-03 3.955e-06 8.420e-05 
0.9655227  0.67050  2.580e+06  2.710e-01  9.476e+13  0.99892  0.72269  0.25883  3.434e-05 3.115e-03 3.767e-05 9.241e-04 2.267e-06 8.599e-03 3.468e-06 2.055e-05 1.939e-03 3.875e-05 7.455e-04 6.727e-05 8.227e-04 7.043e-06 4.100e-04 9.045e-06 7.356e-05 4.158e-06 7.239e-05 5.748e-08 4.138e-06 4.110e-07 2.055e-05 1.502e-05 1.425e-03 3.955e-06 8.421e-05 
0.9668019  0.67550  2.538e+06  2.596e-01  8.937e+13  0.99892  0.72404  0.25757  3.420e-05 3.098e-03 3.744e-05 9.191e-04 2.254e-06 8.552e-03 3.447e-06 2.042e-05 1.928e-03 3.862e-05 7.429e-04 6.703e-05 8.198e-04 7.018e-06 4.086e-04 9.013e-06 7.330e-05 4.144e-06 7.213e-05 5.728e-08 4.123e-06 4.095e-07 2.047e-05 1.497e-05 1.420e-03 3.941e-06 8.391e-05 
0.9680455  0.68050  2.495e+06  2.487e-01  8.427e+13  0.99892  0.72564  0.25612  3.405e-05 3.074e-03 3.714e-05 9.116e-04 2.235e-06 8.481e-03 3.418e-06 2.024e-05 1.911e-03 3.835e-05 7.377e-04 6.657e-05 8.141e-04 6.969e-06 4.057e-04 8.951e-06 7.280e-05 4.115e-06 7.163e-05 5.688e-08 4.095e-06 4.067e-07 2.033e-05 1.486e-05 1.410e-03 3.913e-06 8.333e-05 
0.9692548  0.68550  2.451e+06  2.383e-01  7.945e+13  0.99892  0.72746  0.25447  3.388e-05 3.046e-03 3.678e-05 9.029e-04 2.213e-06 8.398e-03 3.383e-06 2.004e-05 1.892e-03 3.806e-05 7.322e-04 6.607e-05 8.081e-04 6.918e-06 4.027e-04 8.884e-06 7.225e-05 4.084e-06 7.110e-05 5.646e-08 4.064e-06 4.037e-07 2.018e-05 1.475e-05 1.399e-03 3.884e-06 8.271e-05 
0.9704307  0.69050  2.407e+06  2.284e-01  7.489e+13  0.99892  0.72948  0.25263  3.368e-05 3.015e-03 3.640e-05 8.936e-04 2.190e-06 8.310e-03 3.347e-06 1.982e-05 1.872e-03 3.777e-05 7.266e-04 6.557e-05 8.019e-04 6.865e-06 3.996e-04 8.816e-06 7.170e-05 4.053e-06 7.055e-05 5.603e-08 4.033e-06 4.006e-07 2.003e-05 1.464e-05 1.389e-03 3.855e-06 8.207e-05 
0.9715748  0.69550  2.361e+06  2.191e-01  7.057e+13  0.99892  0.73170  0.25060  3.346e-05 2.982e-03 3.600e-05 8.838e-04 2.166e-06 8.218e-03 3.310e-06 1.960e-05 1.851e-03 3.747e-05 7.209e-04 6.505e-05 7.955e-04 6.810e-06 3.965e-04 8.746e-06 7.113e-05 4.021e-06 6.999e-05 5.558e-08 4.001e-06 3.974e-07 1.987e-05 1.452e-05 1.378e-03 3.824e-06 8.142e-05 
0.9726882  0.70050  2.314e+06  2.102e-01  6.649e+13  0.99892  0.73411  0.24838  3.321e-05 2.948e-03 3.558e-05 8.735e-04 2.140e-06 8.121e-03 3.271e-06 1.936e-05 1.829e-03 3.716e-05 7.148e-04 6.450e-05 7.888e-04 6.753e-06 3.931e-04 8.673e-06 7.053e-05 3.987e-06 6.941e-05 5.512e-08 3.968e-06 3.941e-07 1.970e-05 1.440e-05 1.366e-03 3.792e-06 8.074e-05 
0.9737724  0.70550  2.265e+06  2.019e-01  6.262e+13  0.99892  0.73674  0.24596  3.293e-05 2.911e-03 3.513e-05 8.624e-04 2.113e-06 8.016e-03 3.228e-06 1.911e-05 1.805e-03 3.681e-05 7.082e-04 6.390e-05 7.815e-04 6.690e-06 3.895e-04 8.592e-06 6.988e-05 3.950e-06 6.876e-05 5.461e-08 3.931e-06 3.904e-07 1.952e-05 1.427e-05 1.353e-03 3.757e-06 7.999e-05 
0.9748289  0.71050  2.214e+06  1.941e-01  5.895e+13  0.99892  0.73956  0.24338  3.262e-05 2.871e-03 3.464e-05 8.502e-04 2.083e-06 7.902e-03 3.182e-06 1.883e-05 1.778e-03 3.644e-05 7.010e-04 6.325e-05 7.735e-04 6.622e-06 3.855e-04 8.504e-06 6.917e-05 3.910e-06 6.806e-05 5.405e-08 3.891e-06 3.864e-07 1.932e-05 1.412e-05 1.340e-03 3.718e-06 7.917e-05 
0.9758599  0.71550  2.161e+06  1.870e-01  5.547e+13  0.99892  0.74039  0.24260  3.253e-05 2.860e-03 3.451e-05 8.470e-04 2.075e-06 7.873e-03 3.170e-06 1.876e-05 1.772e-03 3.635e-05 6.992e-04 6.309e-05 7.716e-04 6.606e-06 3.845e-04 8.483e-06 6.900e-05 3.900e-06 6.789e-05 5.391e-08 3.881e-06 3.855e-07 1.927e-05 1.409e-05 1.336e-03 3.709e-06 7.898e-05 
0.9768675  0.72050  2.109e+06  1.802e-01  5.215e+13  0.99892  0.74039  0.24260  3.253e-05 2.860e-03 3.451e-05 8.470e-04 2.075e-06 7.873e-03 3.170e-06 1.876e-05 1.772e-03 3.635e-05 6.992e-04 6.309e-05 7.716e-04 6.606e-06 3.845e-04 8.483e-06 6.900e-05 3.900e-06 6.789e-05 5.391e-08 3.881e-06 3.855e-07 1.927e-05 1.409e-05 1.336e-03 3.709e-06 7.898e-05 
0.9778517  0.72550  2.058e+06  1.735e-01  4.900e+13  0.99892  0.74039  0.24260  3.253e-05 2.860e-03 3.451e-05 8.470e-04 2.075e-06 7.873e-03 3.170e-06 1.876e-05 1.772e-03 3.635e-05 6.992e-04 6.309e-05 7.716e-04 6.606e-06 3.845e-04 8.483e-06 6.900e-05 3.900e-06 6.789e-05 5.391e-08 3.881e-06 3.855e-07 1.927e-05 1.409e-05 1.336e-03 3.709e-06 7.898e-05 
0.9788128  0.73050  2.007e+06  1.671e-01  4.600e+13  0.99892  0.74039  0.24260  3.253e-05 2.860e-03 3.451e-05 8.470e-04 2.075e-06 7.873e-03 3.170e-06 1.876e-05 1.772e-03 3.635e-05 6.992e-04 6.309e-05 7.716e-04 6.606e-06 3.845e-04 8.483e-06 6.900e-05 3.900e-06 6.789e-05 5.391e-08 3.881e-06 3.855e-07 1.927e-05 1.409e-05 1.336e-03 3.709e-06 7.898e-05 
0.9797506  0.73550  1.957e+06  1.608e-01  4.315e+13  0.99892  0.74039  0.24260  3.253e-05 2.860e-03 3.451e-05 8.470e-04 2.075e-06 7.873e-03 3.170e-06 1.876e-05 1.772e-03 3.635e-05 6.992e-04 6.309e-05 7.716e-04 6.606e-06 3.845e-04 8.483e-06 6.900e-05 3.900e-06 6.789e-05 5.391e-08 3.881e-06 3.855e-07 1.927e-05 1.409e-05 1.336e-03 3.709e-06 7.898e-05 
0.9806651  0.74050  1.907e+06  1.546e-01  4.044e+13  0.99892  0.74039  0.24260  3.253e-05 2.860e-03 3.451e-05 8.470e-04 2.075e-06 7.873e-03 3.170e-06 1.876e-05 1.772e-03 3.635e-05 6.992e-04 6.309e-05 7.716e-04 6.606e-06 3.845e-04 8.483e-06 6.900e-05 3.900e-06 6.789e-05 5.391e-08 3.881e-06 3.855e-07 1.927e-05 1.409e-05 1.336e-03 3.709e-06 7.898e-05 
0.9815565  0.74550  1.858e+06  1.487e-01  3.787e+13  0.99891  0.74039  0.24260  3.253e-05 2.860e-03 3.451e-05 8.470e-04 2.075e-06 7.873e-03 3.170e-06 1.876e-05 1.772e-03 3.635e-05 6.992e-04 6.309e-05 7.716e-04 6.606e-06 3.845e-04 8.483e-06 6.900e-05 3.900e-06 6.789e-05 5.391e-08 3.881e-06 3.855e-07 1.927e-05 1.409e-05 1.336e-03 3.709e-06 7.898e-05 
0.9824247  0.75050  1.810e+06  1.428e-01  3.543e+13  0.99891  0.74039  0.24260  3.253e-05 2.860e-03 3.451e-05 8.470e-04 2.075e-06 7.873e-03 3.170e-06 1.876e-05 1.772e-03 3.635e-05 6.992e-04 6.309e-05 7.716e-04 6.606e-06 3.845e-04 8.483e-06 6.900e-05 3.900e-06 6.789e-05 5.391e-08 3.881e-06 3.855e-07 1.927e-05 1.409e-05 1.336e-03 3.709e-06 7.898e-05 
0.9832699  0.75550  1.762e+06  1.371e-01  3.312e+13  0.99891  0.74039  0.24260  3.253e-05 2.860e-03 3.451e-05 8.470e-04 2.075e-06 7.873e-03 3.170e-06 1.876e-05 1.772e-03 3.635e-05 6.992e-04 6.309e-05 7.716e-04 6.606e-06 3.845e-04 8.483e-06 6.900e-05 3.900e-06 6.789e-05 5.391e-08 3.881e-06 3.855e-07 1.927e-05 1.409e-05 1.336e-03 3.709e-06 7.898e-05 
0.9840919  0.76050  1.715e+06  1.316e-01  3.092e+13  0.99891  0.74039  0.24260  3.253e-05 2.860e-03 3.451e-05 8.470e-04 2.075e-06 7.873e-03 3.170e-06 1.876e-05 1.772e-03 3.635e-05 6.992e-04 6.309e-05 7.716e-04 6.606e-06 3.845e-04 8.483e-06 6.900e-05 3.900e-06 6.789e-05 5.391e-08 3.881e-06 3.855e-07 1.927e-05 1.409e-05 1.336e-03 3.709e-06 7.898e-05 
0.9848911  0.76550  1.668e+06  1.262e-01  2.885e+13  0.99891  0.74039  0.24260  3.253e-05 2.860e-03 3.451e-05 8.470e-04 2.075e-06 7.873e-03 3.170e-06 1.876e-05 1.772e-03 3.635e-05 6.992e-04 6.309e-05 7.716e-04 6.606e-06 3.845e-04 8.483e-06 6.900e-05 3.900e-06 6.789e-05 5.391e-08 3.881e-06 3.855e-07 1.927e-05 1.409e-05 1.336e-03 3.709e-06 7.898e-05 
0.9856675  0.77050  1.622e+06  1.210e-01  2.688e+13  0.99891  0.74039  0.24260  3.253e-05 2.860e-03 3.451e-05 8.470e-04 2.075e-06 7.873e-03 3.170e-06 1.876e-05 1.772e-03 3.635e-05 6.992e-04 6.309e-05 7.716e-04 6.606e-06 3.845e-04 8.483e-06 6.900e-05 3.900e-06 6.789e-05 5.391e-08 3.881e-06 3.855e-07 1.927e-05 1.409e-05 1.336e-03 3.709e-06 7.898e-05 
0.9864203  0.77550  1.576e+06  1.159e-01  2.501e+13  0.99891  0.74039  0.24260  3.253e-05 2.860e-03 3.451e-05 8.470e-04 2.075e-06 7.873e-03 3.170e-06 1.876e-05 1.772e-03 3.635e-05 6.992e-04 6.309e-05 7.716e-04 6.606e-06 3.845e-04 8.483e-06 6.900e-05 3.900e-06 6.789e-05 5.391e-08 3.881e-06 3.855e-07 1.927e-05 1.409e-05 1.336e-03 3.709e-06 7.898e-05 
0.9871511  0.78050  1.531e+06  1.109e-01  2.325e+13  0.99891  0.74039  0.24260  3.253e-05 2.860e-03 3.451e-05 8.470e-04 2.075e-06 7.873e-03 3.170e-06 1.876e-05 1.772e-03 3.635e-05 6.992e-04 6.309e-05 7.716e-04 6.606e-06 3.845e-04 8.483e-06 6.900e-05 3.900e-06 6.789e-05 5.391e-08 3.881e-06 3.855e-07 1.927e-05 1.409e-05 1.336e-03 3.709e-06 7.898e-05 
0.9878595  0.78550  1.487e+06  1.060e-01  2.158e+13  0.99891  0.74039  0.24260  3.253e-05 2.860e-03 3.451e-05 8.470e-04 2.075e-06 7.873e-03 3.170e-06 1.876e-05 1.772e-03 3.635e-05 6.992e-04 6.309e-05 7.716e-04 6.606e-06 3.845e-04 8.483e-06 6.900e-05 3.900e-06 6.789e-05 5.391e-08 3.881e-06 3.855e-07 1.927e-05 1.409e-05 1.336e-03 3.709e-06 7.898e-05 
0.9885451  0.79050  1.443e+06  1.013e-01  2.001e+13  0.99891  0.74039  0.24260  3.253e-05 2.860e-03 3.451e-05 8.470e-04 2.075e-06 7.873e-03 3.170e-06 1.876e-05 1.772e-03 3.635e-05 6.992e-04 6.309e-05 7.716e-04 6.606e-06 3.845e-04 8.483e-06 6.900e-05 3.900e-06 6.789e-05 5.391e-08 3.881e-06 3.855e-07 1.927e-05 1.409e-05 1.336e-03 3.709e-06 7.898e-05 
0.9892078  0.79550  1.400e+06  9.674e-02  1.853e+13  0.99891  0.74039  0.24260  3.253e-05 2.860e-03 3.451e-05 8.470e-04 2.075e-06 7.873e-03 3.170e-06 1.876e-05 1.772e-03 3.635e-05 6.992e-04 6.309e-05 7.716e-04 6.606e-06 3.845e-04 8.483e-06 6.900e-05 3.900e-06 6.789e-05 5.391e-08 3.881e-06 3.855e-07 1.927e-05 1.409e-05 1.336e-03 3.709e-06 7.898e-05 
0.9898492  0.80050  1.357e+06  9.228e-02  1.713e+13  0.99891  0.74039  0.24260  3.253e-05 2.860e-03 3.451e-05 8.470e-04 2.075e-06 7.873e-03 3.170e-06 1.876e-05 1.772e-03 3.635e-05 6.992e-04 6.309e-05 7.716e-04 6.606e-06 3.845e-04 8.483e-06 6.900e-05 3.900e-06 6.789e-05 5.391e-08 3.881e-06 3.855e-07 1.927e-05 1.409e-05 1.336e-03 3.709e-06 7.898e-05 
0.9904678  0.80550  1.315e+06  8.794e-02  1.581e+13  0.99891  0.74039  0.24260  3.253e-05 2.860e-03 3.451e-05 8.470e-04 2.075e-06 7.873e-03 3.170e-06 1.876e-05 1.772e-03 3.635e-05 6.992e-04 6.309e-05 7.716e-04 6.606e-06 3.845e-04 8.483e-06 6.900e-05 3.900e-06 6.789e-05 5.391e-08 3.881e-06 3.855e-07 1.927e-05 1.409e-05 1.336e-03 3.709e-06 7.898e-05 
0.9910644  0.81050  1.273e+06  8.372e-02  1.456e+13  0.99891  0.74039  0.24260  3.253e-05 2.860e-03 3.451e-05 8.470e-04 2.075e-06 7.873e-03 3.170e-06 1.876e-05 1.772e-03 3.635e-05 6.992e-04 6.309e-05 7.716e-04 6.606e-06 3.845e-04 8.483e-06 6.900e-05 3.900e-06 6.789e-05 5.391e-08 3.881e-06 3.855e-07 1.927e-05 1.409e-05 1.336e-03 3.709e-06 7.898e-05 
0.9916392  0.81550  1.231e+06  7.962e-02  1.340e+13  0.99891  0.74039  0.24260  3.253e-05 2.860e-03 3.451e-05 8.470e-04 2.075e-06 7.873e-03 3.170e-06 1.876e-05 1.772e-03 3.635e-05 6.992e-04 6.309e-05 7.716e-04 6.606e-06 3.845e-04 8.483e-06 6.900e-05 3.900e-06 6.789e-05 5.391e-08 3.881e-06 3.855e-07 1.927e-05 1.409e-05 1.336e-03 3.709e-06 7.898e-05 
0.9921923  0.82050  1.190e+06  7.564e-02  1.230e+13  0.99891  0.74039  0.24260  3.253e-05 2.860e-03 3.451e-05 8.470e-04 2.075e-06 7.873e-03 3.170e-06 1.876e-05 1.772e-03 3.635e-05 6.992e-04 6.309e-05 7.716e-04 6.606e-06 3.845e-04 8.483e-06 6.900e-05 3.900e-06 6.789e-05 5.391e-08 3.881e-06 3.855e-07 1.927e-05 1.409e-05 1.336e-03 3.709e-06 7.898e-05 
0.9927236  0.82550  1.150e+06  7.177e-02  1.127e+13  0.99891  0.74039  0.24260  3.253e-05 2.860e-03 3.451e-05 8.470e-04 2.075e-06 7.873e-03 3.170e-06 1.876e-05 1.772e-03 3.635e-05 6.992e-04 6.309e-05 7.716e-04 6.606e-06 3.845e-04 8.483e-06 6.900e-05 3.900e-06 6.789e-05 5.391e-08 3.881e-06 3.855e-07 1.927e-05 1.409e-05 1.336e-03 3.709e-06 7.898e-05 
0.9932336  0.83050  1.110e+06  6.801e-02  1.030e+13  0.99891  0.74039  0.24260  3.253e-05 2.860e-03 3.451e-05 8.470e-04 2.075e-06 7.873e-03 3.170e-06 1.876e-05 1.772e-03 3.635e-05 6.992e-04 6.309e-05 7.716e-04 6.606e-06 3.845e-04 8.483e-06 6.900e-05 3.900e-06 6.789e-05 5.391e-08 3.881e-06 3.855e-07 1.927e-05 1.409e-05 1.336e-03 3.709e-06 7.898e-05 
0.9937233  0.83550  1.070e+06  6.437e-02  9.400e+12  0.99891  0.74039  0.24260  3.253e-05 2.860e-03 3.451e-05 8.470e-04 2.075e-06 7.873e-03 3.170e-06 1.876e-05 1.772e-03 3.635e-05 6.992e-04 6.309e-05 7.716e-04 6.606e-06 3.845e-04 8.483e-06 6.900e-05 3.900e-06 6.789e-05 5.391e-08 3.881e-06 3.855e-07 1.927e-05 1.409e-05 1.336e-03 3.709e-06 7.898e-05 
0.9941911  0.84050  1.031e+06  6.083e-02  8.555e+12  0.99891  0.74039  0.24260  3.253e-05 2.860e-03 3.451e-05 8.470e-04 2.075e-06 7.873e-03 3.170e-06 1.876e-05 1.772e-03 3.635e-05 6.992e-04 6.309e-05 7.716e-04 6.606e-06 3.845e-04 8.483e-06 6.900e-05 3.900e-06 6.789e-05 5.391e-08 3.881e-06 3.855e-07 1.927e-05 1.409e-05 1.336e-03 3.709e-06 7.898e-05 
0.9946383  0.84550  9.923e+05  5.740e-02  7.766e+12  0.99891  0.74039  0.24260  3.253e-05 2.860e-03 3.451e-05 8.470e-04 2.075e-06 7.873e-03 3.170e-06 1.876e-05 1.772e-03 3.635e-05 6.992e-04 6.309e-05 7.716e-04 6.606e-06 3.845e-04 8.483e-06 6.900e-05 3.900e-06 6.789e-05 5.391e-08 3.881e-06 3.855e-07 1.927e-05 1.409e-05 1.336e-03 3.709e-06 7.898e-05 
0.9950648  0.85050  9.540e+05  5.407e-02  7.031e+12  0.99891  0.74039  0.24260  3.253e-05 2.860e-03 3.451e-05 8.470e-04 2.075e-06 7.873e-03 3.170e-06 1.876e-05 1.772e-03 3.635e-05 6.992e-04 6.309e-05 7.716e-04 6.606e-06 3.845e-04 8.483e-06 6.900e-05 3.900e-06 6.789e-05 5.391e-08 3.881e-06 3.855e-07 1.927e-05 1.409e-05 1.336e-03 3.709e-06 7.898e-05 
0.9954712  0.85550  9.162e+05  5.085e-02  6.346e+12  0.99891  0.74039  0.24260  3.253e-05 2.860e-03 3.451e-05 8.470e-04 2.075e-06 7.873e-03 3.170e-06 1.876e-05 1.772e-03 3.635e-05 6.992e-04 6.309e-05 7.716e-04 6.606e-06 3.845e-04 8.483e-06 6.900e-05 3.900e-06 6.789e-05 5.391e-08 3.881e-06 3.855e-07 1.927e-05 1.409e-05 1.336e-03 3.709e-06 7.898e-05 
0.9958576  0.86050  8.787e+05  4.773e-02  5.711e+12  0.99891  0.74039  0.24260  3.253e-05 2.860e-03 3.451e-05 8.470e-04 2.075e-06 7.873e-03 3.170e-06 1.876e-05 1.772e-03 3.635e-05 6.992e-04 6.309e-05 7.716e-04 6.606e-06 3.845e-04 8.483e-06 6.900e-05 3.900e-06 6.789e-05 5.391e-08 3.881e-06 3.855e-07 1.927e-05 1.409e-05 1.336e-03 3.709e-06 7.898e-05 
0.9962245  0.86550  8.417e+05  4.471e-02  5.122e+12  0.99891  0.74039  0.24260  3.253e-05 2.860e-03 3.451e-05 8.470e-04 2.075e-06 7.873e-03 3.170e-06 1.876e-05 1.772e-03 3.635e-05 6.992e-04 6.309e-05 7.716e-04 6.606e-06 3.845e-04 8.483e-06 6.900e-05 3.900e-06 6.789e-05 5.391e-08 3.881e-06 3.855e-07 1.927e-05 1.409e-05 1.336e-03 3.709e-06 7.898e-05 
0.9965713  0.87050  8.051e+05  4.179e-02  4.577e+12  0.99891  0.74039  0.24260  3.253e-05 2.860e-03 3.451e-05 8.470e-04 2.075e-06 7.873e-03 3.170e-06 1.876e-05 1.772e-03 3.635e-05 6.992e-04 6.309e-05 7.716e-04 6.606e-06 3.845e-04 8.483e-06 6.900e-05 3.900e-06 6.789e-05 5.391e-08 3.881e-06 3.855e-07 1.927e-05 1.409e-05 1.336e-03 3.709e-06 7.898e-05 
0.9968989  0.87550  7.688e+05  3.896e-02  4.073e+12  0.99891  0.74039  0.24260  3.253e-05 2.860e-03 3.451e-05 8.470e-04 2.075e-06 7.873e-03 3.170e-06 1.876e-05 1.772e-03 3.635e-05 6.992e-04 6.309e-05 7.716e-04 6.606e-06 3.845e-04 8.483e-06 6.900e-05 3.900e-06 6.789e-05 5.391e-08 3.881e-06 3.855e-07 1.927e-05 1.409e-05 1.336e-03 3.709e-06 7.898e-05 
0.9972075  0.88050  7.330e+05  3.624e-02  3.609e+12  0.99891  0.74039  0.24260  3.253e-05 2.860e-03 3.451e-05 8.470e-04 2.075e-06 7.873e-03 3.170e-06 1.876e-05 1.772e-03 3.635e-05 6.992e-04 6.309e-05 7.716e-04 6.606e-06 3.845e-04 8.483e-06 6.900e-05 3.900e-06 6.789e-05 5.391e-08 3.881e-06 3.855e-07 1.927e-05 1.409e-05 1.336e-03 3.709e-06 7.898e-05 
0.9974976  0.88550  6.975e+05  3.361e-02  3.184e+12  0.99891  0.74039  0.24260  3.253e-05 2.860e-03 3.451e-05 8.470e-04 2.075e-06 7.873e-03 3.170e-06 1.876e-05 1.772e-03 3.635e-05 6.992e-04 6.309e-05 7.716e-04 6.606e-06 3.845e-04 8.483e-06 6.900e-05 3.900e-06 6.789e-05 5.391e-08 3.881e-06 3.855e-07 1.927e-05 1.409e-05 1.336e-03 3.709e-06 7.898e-05 
0.9977690  0.89050  6.624e+05  3.107e-02  2.793e+12  0.99891  0.74039  0.24260  3.253e-05 2.860e-03 3.451e-05 8.470e-04 2.075e-06 7.873e-03 3.170e-06 1.876e-05 1.772e-03 3.635e-05 6.992e-04 6.309e-05 7.716e-04 6.606e-06 3.845e-04 8.483e-06 6.900e-05 3.900e-06 6.789e-05 5.391e-08 3.881e-06 3.855e-07 1.927e-05 1.409e-05 1.336e-03 3.709e-06 7.898e-05 
0.9980224  0.89550  6.277e+05  2.863e-02  2.437e+12  0.99891  0.74039  0.24260  3.253e-05 2.860e-03 3.451e-05 8.470e-04 2.075e-06 7.873e-03 3.170e-06 1.876e-05 1.772e-03 3.635e-05 6.992e-04 6.309e-05 7.716e-04 6.606e-06 3.845e-04 8.483e-06 6.900e-05 3.900e-06 6.789e-05 5.391e-08 3.881e-06 3.855e-07 1.927e-05 1.409e-05 1.336e-03 3.709e-06 7.898e-05 
0.9982580  0.90050  5.933e+05  2.628e-02  2.113e+12  0.99891  0.74039  0.24260  3.253e-05 2.860e-03 3.451e-05 8.470e-04 2.075e-06 7.873e-03 3.170e-06 1.876e-05 1.772e-03 3.635e-05 6.992e-04 6.309e-05 7.716e-04 6.606e-06 3.845e-04 8.483e-06 6.900e-05 3.900e-06 6.789e-05 5.391e-08 3.881e-06 3.855e-07 1.927e-05 1.409e-05 1.336e-03 3.709e-06 7.898e-05 
0.9984765  0.90550  5.594e+05  2.403e-02  1.819e+12  0.99891  0.74039  0.24260  3.253e-05 2.860e-03 3.451e-05 8.470e-04 2.075e-06 7.873e-03 3.170e-06 1.876e-05 1.772e-03 3.635e-05 6.992e-04 6.309e-05 7.716e-04 6.606e-06 3.845e-04 8.483e-06 6.900e-05 3.900e-06 6.789e-05 5.391e-08 3.881e-06 3.855e-07 1.927e-05 1.409e-05 1.336e-03 3.709e-06 7.898e-05 
0.9986779  0.91050  5.257e+05  2.186e-02  1.554e+12  0.99891  0.74039  0.24260  3.253e-05 2.860e-03 3.451e-05 8.470e-04 2.075e-06 7.873e-03 3.170e-06 1.876e-05 1.772e-03 3.635e-05 6.992e-04 6.309e-05 7.716e-04 6.606e-06 3.845e-04 8.483e-06 6.900e-05 3.900e-06 6.789e-05 5.391e-08 3.881e-06 3.855e-07 1.927e-05 1.409e-05 1.336e-03 3.709e-06 7.898e-05 
0.9988628  0.91550  4.924e+05  1.979e-02  1.317e+12  0.99891  0.74039  0.24260  3.253e-05 2.860e-03 3.451e-05 8.470e-04 2.075e-06 7.873e-03 3.170e-06 1.876e-05 1.772e-03 3.635e-05 6.992e-04 6.309e-05 7.716e-04 6.606e-06 3.845e-04 8.483e-06 6.900e-05 3.900e-06 6.789e-05 5.391e-08 3.881e-06 3.855e-07 1.927e-05 1.409e-05 1.336e-03 3.709e-06 7.898e-05 
0.9990315  0.92050  4.595e+05  1.781e-02  1.104e+12  0.99891  0.74039  0.24260  3.253e-05 2.860e-03 3.451e-05 8.470e-04 2.075e-06 7.873e-03 3.170e-06 1.876e-05 1.772e-03 3.635e-05 6.992e-04 6.309e-05 7.716e-04 6.606e-06 3.845e-04 8.483e-06 6.900e-05 3.900e-06 6.789e-05 5.391e-08 3.881e-06 3.855e-07 1.927e-05 1.409e-05 1.336e-03 3.709e-06 7.898e-05 
0.9991844  0.92550  4.269e+05  1.592e-02  9.157e+11  0.99891  0.74039  0.24260  3.253e-05 2.860e-03 3.451e-05 8.470e-04 2.075e-06 7.873e-03 3.170e-06 1.876e-05 1.772e-03 3.635e-05 6.992e-04 6.309e-05 7.716e-04 6.606e-06 3.845e-04 8.483e-06 6.900e-05 3.900e-06 6.789e-05 5.391e-08 3.881e-06 3.855e-07 1.927e-05 1.409e-05 1.336e-03 3.709e-06 7.898e-05 
0.9993220  0.93050  3.947e+05  1.412e-02  7.496e+11  0.99891  0.74039  0.24260  3.253e-05 2.860e-03 3.451e-05 8.470e-04 2.075e-06 7.873e-03 3.170e-06 1.876e-05 1.772e-03 3.635e-05 6.992e-04 6.309e-05 7.716e-04 6.606e-06 3.845e-04 8.483e-06 6.900e-05 3.900e-06 6.789e-05 5.391e-08 3.881e-06 3.855e-07 1.927e-05 1.409e-05 1.336e-03 3.709e-06 7.898e-05 
0.9994449  0.93550  3.627e+05  1.241e-02  6.044e+11  0.99891  0.74039  0.24260  3.253e-05 2.860e-03 3.451e-05 8.470e-04 2.075e-06 7.873e-03 3.170e-06 1.876e-05 1.772e-03 3.635e-05 6.992e-04 6.309e-05 7.716e-04 6.606e-06 3.845e-04 8.483e-06 6.900e-05 3.900e-06 6.789e-05 5.391e-08 3.881e-06 3.855e-07 1.927e-05 1.409e-05 1.336e-03 3.709e-06 7.898e-05 
0.9995535  0.94050  3.312e+05  1.079e-02  4.788e+11  0.99891  0.74039  0.24260  3.253e-05 2.860e-03 3.451e-05 8.470e-04 2.075e-06 7.873e-03 3.170e-06 1.876e-05 1.772e-03 3.635e-05 6.992e-04 6.309e-05 7.716e-04 6.606e-06 3.845e-04 8.483e-06 6.900e-05 3.900e-06 6.789e-05 5.391e-08 3.881e-06 3.855e-07 1.927e-05 1.409e-05 1.336e-03 3.709e-06 7.898e-05 
0.9996483  0.94550  3.000e+05  9.263e-03  3.714e+11  0.99891  0.74039  0.24260  3.253e-05 2.860e-03 3.451e-05 8.470e-04 2.075e-06 7.873e-03 3.170e-06 1.876e-05 1.772e-03 3.635e-05 6.992e-04 6.309e-05 7.716e-04 6.606e-06 3.845e-04 8.483e-06 6.900e-05 3.900e-06 6.789e-05 5.391e-08 3.881e-06 3.855e-07 1.927e-05 1.409e-05 1.336e-03 3.709e-06 7.898e-05 
0.9997301  0.95050  2.691e+05  7.831e-03  2.808e+11  0.99891  0.74039  0.24260  3.253e-05 2.860e-03 3.451e-05 8.470e-04 2.075e-06 7.873e-03 3.170e-06 1.876e-05 1.772e-03 3.635e-05 6.992e-04 6.309e-05 7.716e-04 6.606e-06 3.845e-04 8.483e-06 6.900e-05 3.900e-06 6.789e-05 5.391e-08 3.881e-06 3.855e-07 1.927e-05 1.409e-05 1.336e-03 3.709e-06 7.898e-05 
0.9997993  0.95550  2.387e+05  6.493e-03  2.057e+11  0.99891  0.74039  0.24260  3.253e-05 2.860e-03 3.451e-05 8.470e-04 2.075e-06 7.873e-03 3.170e-06 1.876e-05 1.772e-03 3.635e-05 6.992e-04 6.309e-05 7.716e-04 6.606e-06 3.845e-04 8.483e-06 6.900e-05 3.900e-06 6.789e-05 5.391e-08 3.881e-06 3.855e-07 1.927e-05 1.409e-05 1.336e-03 3.709e-06 7.898e-05 
0.9998566  0.96050  2.087e+05  5.253e-03  1.448e+11  0.99891  0.74039  0.24260  3.253e-05 2.860e-03 3.451e-05 8.470e-04 2.075e-06 7.873e-03 3.170e-06 1.876e-05 1.772e-03 3.635e-05 6.992e-04 6.309e-05 7.716e-04 6.606e-06 3.845e-04 8.483e-06 6.900e-05 3.900e-06 6.789e-05 5.391e-08 3.881e-06 3.855e-07 1.927e-05 1.409e-05 1.336e-03 3.709e-06 7.898e-05 
0.9999027  0.96550  1.793e+05  4.112e-03  9.675e+10  0.99891  0.74039  0.24260  3.253e-05 2.860e-03 3.451e-05 8.470e-04 2.075e-06 7.873e-03 3.170e-06 1.876e-05 1.772e-03 3.635e-05 6.992e-04 6.309e-05 7.716e-04 6.606e-06 3.845e-04 8.483e-06 6.900e-05 3.900e-06 6.789e-05 5.391e-08 3.881e-06 3.855e-07 1.927e-05 1.409e-05 1.336e-03 3.709e-06 7.898e-05 
0.9999385  0.97050  1.507e+05  3.077e-03  6.025e+10  0.99891  0.74039  0.24260  3.253e-05 2.860e-03 3.451e-05 8.470e-04 2.075e-06 7.873e-03 3.170e-06 1.876e-05 1.772e-03 3.635e-05 6.992e-04 6.309e-05 7.716e-04 6.606e-06 3.845e-04 8.483e-06 6.900e-05 3.900e-06 6.789e-05 5.391e-08 3.881e-06 3.855e-07 1.927e-05 1.409e-05 1.336e-03 3.709e-06 7.898e-05 
0.9999648  0.97550  1.230e+05  2.155e-03  3.400e+10  0.99891  0.74039  0.24260  3.253e-05 2.860e-03 3.451e-05 8.470e-04 2.075e-06 7.873e-03 3.170e-06 1.876e-05 1.772e-03 3.635e-05 6.992e-04 6.309e-05 7.716e-04 6.606e-06 3.845e-04 8.483e-06 6.900e-05 3.900e-06 6.789e-05 5.391e-08 3.881e-06 3.855e-07 1.927e-05 1.409e-05 1.336e-03 3.709e-06 7.898e-05 
0.9999826  0.98050  9.620e+04  1.367e-03  1.655e+10  0.99891  0.74039  0.24260  3.253e-05 2.860e-03 3.451e-05 8.470e-04 2.075e-06 7.873e-03 3.170e-06 1.876e-05 1.772e-03 3.635e-05 6.992e-04 6.309e-05 7.716e-04 6.606e-06 3.845e-04 8.483e-06 6.900e-05 3.900e-06 6.789e-05 5.391e-08 3.881e-06 3.855e-07 1.927e-05 1.409e-05 1.336e-03 3.709e-06 7.898e-05 
0.9999933  0.98550  6.894e+04  7.433e-04  6.277e+09  0.99891  0.74039  0.24260  3.253e-05 2.860e-03 3.451e-05 8.470e-04 2.075e-06 7.873e-03 3.170e-06 1.876e-05 1.772e-03 3.635e-05 6.992e-04 6.309e-05 7.716e-04 6.606e-06 3.845e-04 8.483e-06 6.900e-05 3.900e-06 6.789e-05 5.391e-08 3.881e-06 3.855e-07 1.927e-05 1.409e-05 1.336e-03 3.709e-06 7.898e-05 
0.9999985  0.99050  4.292e+04  2.819e-04  1.396e+09  0.99891  0.74039  0.24260  3.253e-05 2.860e-03 3.451e-05 8.470e-04 2.075e-06 7.873e-03 3.170e-06 1.876e-05 1.772e-03 3.635e-05 6.992e-04 6.309e-05 7.716e-04 6.606e-06 3.845e-04 8.483e-06 6.900e-05 3.900e-06 6.789e-05 5.391e-08 3.881e-06 3.855e-07 1.927e-05 1.409e-05 1.336e-03 3.709e-06 7.898e-05 
0.9999999  0.99550  2.337e+04  3.478e-05  8.054e+07  0.99891  0.74039  0.24260  3.253e-05 2.860e-03 3.451e-05 8.470e-04 2.075e-06 7.873e-03 3.170e-06 1.876e-05 1.772e-03 3.635e-05 6.992e-04 6.309e-05 7.716e-04 6.606e-06 3.845e-04 8.483e-06 6.900e-05 3.900e-06 6.789e-05 5.391e-08 3.881e-06 3.855e-07 1.927e-05 1.409e-05 1.336e-03 3.709e-06 7.898e-05 
