0.0000001  0.00050  1.544e+07  1.489e+02  2.299e+17  0.00000  0.36230  0.62176  9.201e-06 8.386e-06 1.907e-06 4.062e-03 8.275e-08 6.399e-03 3.716e-04 1.640e-05 1.483e-03 3.657e-05 7.035e-04 6.203e-05 7.763e-04 7.121e-06 3.869e-04 5.143e-06 7.789e-05 4.015e-06 6.675e-05 4.309e-08 3.323e-06 3.969e-07 1.939e-05 1.417e-05 1.344e-03 3.732e-06 7.946e-05 
0.0000176  0.00550  1.543e+07  1.486e+02  2.295e+17  0.00015  0.36313  0.62091  9.272e-06 8.384e-06 1.906e-06 4.065e-03 8.283e-08 6.411e-03 3.673e-04 1.642e-05 1.485e-03 3.661e-05 7.044e-04 6.211e-05 7.773e-04 7.130e-06 3.874e-04 5.150e-06 7.799e-05 4.020e-06 6.684e-05 4.314e-08 3.328e-06 3.974e-07 1.941e-05 1.419e-05 1.346e-03 3.737e-06 7.956e-05 
0.0001218  0.01050  1.540e+07  1.477e+02  2.283e+17  0.00102  0.36545  0.61859  9.468e-06 8.355e-06 1.899e-06 4.065e-03 8.285e-08 6.422e-03 3.552e-04 1.642e-05 1.485e-03 3.661e-05 7.043e-04 6.211e-05 7.773e-04 7.130e-06 3.874e-04 5.149e-06 7.798e-05 4.020e-06 6.683e-05 4.314e-08 3.328e-06 3.973e-07 1.941e-05 1.419e-05 1.346e-03 3.736e-06 7.956e-05 
0.0003895  0.01550  1.536e+07  1.463e+02  2.264e+17  0.00326  0.36918  0.61487  9.791e-06 8.308e-06 1.889e-06 4.064e-03 8.288e-08 6.439e-03 3.364e-04 1.642e-05 1.485e-03 3.661e-05 7.043e-04 6.210e-05 7.772e-04 7.129e-06 3.873e-04 5.149e-06 7.797e-05 4.020e-06 6.683e-05 4.314e-08 3.327e-06 3.973e-07 1.941e-05 1.419e-05 1.346e-03 3.736e-06 7.955e-05 
0.0008942  0.02050  1.530e+07  1.444e+02  2.238e+17  0.00743  0.37427  0.60978  1.025e-05 8.245e-06 1.875e-06 4.063e-03 8.292e-08 6.462e-03 3.120e-04 1.641e-05 1.485e-03 3.660e-05 7.042e-04 6.209e-05 7.771e-04 7.128e-06 3.873e-04 5.148e-06 7.796e-05 4.019e-06 6.682e-05 4.313e-08 3.327e-06 3.972e-07 1.941e-05 1.419e-05 1.346e-03 3.735e-06 7.954e-05 
0.0017042  0.02550  1.523e+07  1.421e+02  2.205e+17  0.01404  0.38066  0.60339  1.084e-05 8.165e-06 1.856e-06 4.062e-03 8.297e-08 6.488e-03 2.835e-04 1.641e-05 1.484e-03 3.660e-05 7.040e-04 6.208e-05 7.769e-04 7.127e-06 3.872e-04 5.147e-06 7.795e-05 4.018e-06 6.680e-05 4.312e-08 3.326e-06 3.972e-07 1.940e-05 1.418e-05 1.345e-03 3.735e-06 7.952e-05 
0.0028818  0.03050  1.515e+07  1.394e+02  2.167e+17  0.02349  0.38825  0.59580  1.159e-05 8.070e-06 1.835e-06 4.060e-03 8.303e-08 6.515e-03 2.524e-04 1.640e-05 1.484e-03 3.659e-05 7.038e-04 6.207e-05 7.767e-04 7.125e-06 3.871e-04 5.146e-06 7.793e-05 4.017e-06 6.679e-05 4.311e-08 3.325e-06 3.971e-07 1.940e-05 1.418e-05 1.345e-03 3.734e-06 7.950e-05 
0.0044830  0.03550  1.505e+07  1.363e+02  2.123e+17  0.03609  0.39696  0.58711  1.249e-05 7.961e-06 1.810e-06 4.058e-03 8.310e-08 6.544e-03 2.203e-04 1.640e-05 1.483e-03 3.658e-05 7.036e-04 6.205e-05 7.765e-04 7.123e-06 3.870e-04 5.144e-06 7.790e-05 4.016e-06 6.677e-05 4.310e-08 3.324e-06 3.969e-07 1.939e-05 1.418e-05 1.345e-03 3.733e-06 7.948e-05 
0.0065541  0.04050  1.493e+07  1.329e+02  2.075e+17  0.05202  0.40666  0.57741  1.358e-05 7.840e-06 1.783e-06 4.056e-03 8.319e-08 6.571e-03 1.886e-04 1.639e-05 1.482e-03 3.656e-05 7.034e-04 6.203e-05 7.762e-04 7.120e-06 3.868e-04 5.142e-06 7.788e-05 4.015e-06 6.674e-05 4.308e-08 3.323e-06 3.968e-07 1.939e-05 1.417e-05 1.344e-03 3.731e-06 7.945e-05 
0.0091379  0.04550  1.481e+07  1.293e+02  2.022e+17  0.07135  0.41724  0.56684  1.485e-05 7.706e-06 1.752e-06 4.054e-03 8.328e-08 6.596e-03 1.584e-04 1.638e-05 1.482e-03 3.655e-05 7.031e-04 6.200e-05 7.759e-04 7.117e-06 3.867e-04 5.140e-06 7.784e-05 4.013e-06 6.671e-05 4.306e-08 3.322e-06 3.966e-07 1.938e-05 1.416e-05 1.344e-03 3.730e-06 7.941e-05 
0.0122645  0.05050  1.468e+07  1.255e+02  1.966e+17  0.09405  0.42856  0.55553  1.634e-05 7.561e-06 1.719e-06 4.052e-03 8.338e-08 6.617e-03 1.307e-04 1.637e-05 1.481e-03 3.653e-05 7.027e-04 6.197e-05 7.755e-04 7.114e-06 3.865e-04 5.137e-06 7.780e-05 4.011e-06 6.668e-05 4.304e-08 3.320e-06 3.964e-07 1.937e-05 1.416e-05 1.343e-03 3.728e-06 7.937e-05 
0.0159588  0.05550  1.453e+07  1.215e+02  1.907e+17  0.11997  0.44050  0.54360  1.807e-05 7.407e-06 1.685e-06 4.049e-03 8.349e-08 6.636e-03 1.060e-04 1.635e-05 1.480e-03 3.651e-05 7.024e-04 6.194e-05 7.751e-04 7.110e-06 3.863e-04 5.135e-06 7.776e-05 4.009e-06 6.665e-05 4.302e-08 3.318e-06 3.962e-07 1.936e-05 1.415e-05 1.342e-03 3.726e-06 7.933e-05 
0.0202399  0.06050  1.438e+07  1.175e+02  1.846e+17  0.14889  0.45293  0.53118  2.006e-05 7.245e-06 1.648e-06 4.047e-03 8.360e-08 6.650e-03 8.469e-05 1.634e-05 1.478e-03 3.649e-05 7.019e-04 6.190e-05 7.746e-04 7.106e-06 3.860e-04 5.132e-06 7.772e-05 4.006e-06 6.661e-05 4.299e-08 3.316e-06 3.960e-07 1.935e-05 1.414e-05 1.342e-03 3.724e-06 7.929e-05 
0.0251209  0.06550  1.422e+07  1.134e+02  1.784e+17  0.18054  0.46573  0.51839  2.234e-05 7.075e-06 1.609e-06 4.043e-03 8.372e-08 6.661e-03 6.668e-05 1.633e-05 1.477e-03 3.646e-05 7.015e-04 6.186e-05 7.741e-04 7.101e-06 3.858e-04 5.128e-06 7.767e-05 4.004e-06 6.656e-05 4.296e-08 3.314e-06 3.957e-07 1.933e-05 1.413e-05 1.341e-03 3.721e-06 7.923e-05 
0.0306059  0.07050  1.405e+07  1.094e+02  1.720e+17  0.21455  0.47878  0.50535  2.495e-05 6.900e-06 1.569e-06 4.040e-03 8.384e-08 6.669e-03 5.183e-05 1.631e-05 1.476e-03 3.644e-05 7.010e-04 6.182e-05 7.736e-04 7.096e-06 3.855e-04 5.125e-06 7.761e-05 4.001e-06 6.652e-05 4.293e-08 3.312e-06 3.955e-07 1.932e-05 1.412e-05 1.340e-03 3.719e-06 7.918e-05 
0.0366974  0.07550  1.388e+07  1.053e+02  1.655e+17  0.25055  0.49196  0.49219  2.793e-05 6.720e-06 1.529e-06 4.036e-03 8.396e-08 6.673e-03 3.986e-05 1.629e-05 1.474e-03 3.641e-05 7.005e-04 6.177e-05 7.730e-04 7.091e-06 3.852e-04 5.121e-06 7.756e-05 3.998e-06 6.647e-05 4.290e-08 3.309e-06 3.952e-07 1.931e-05 1.411e-05 1.339e-03 3.716e-06 7.912e-05 
0.0433896  0.08050  1.370e+07  1.013e+02  1.591e+17  0.28811  0.50516  0.47900  3.132e-05 6.537e-06 1.487e-06 4.033e-03 8.410e-08 6.675e-03 3.039e-05 1.627e-05 1.473e-03 3.639e-05 7.000e-04 6.172e-05 7.725e-04 7.086e-06 3.850e-04 5.117e-06 7.750e-05 3.995e-06 6.642e-05 4.287e-08 3.307e-06 3.949e-07 1.929e-05 1.410e-05 1.338e-03 3.713e-06 7.906e-05 
0.0506769  0.08550  1.351e+07  9.739e+01  1.526e+17  0.32683  0.51826  0.46591  3.518e-05 6.350e-06 1.445e-06 4.029e-03 8.423e-08 6.675e-03 2.304e-05 1.626e-05 1.471e-03 3.636e-05 6.994e-04 6.168e-05 7.719e-04 7.080e-06 3.847e-04 5.113e-06 7.744e-05 3.992e-06 6.637e-05 4.284e-08 3.304e-06 3.946e-07 1.928e-05 1.409e-05 1.337e-03 3.710e-06 7.900e-05 
0.0585474  0.09050  1.333e+07  9.355e+01  1.462e+17  0.36628  0.53119  0.45300  3.957e-05 6.162e-06 1.402e-06 4.025e-03 8.436e-08 6.672e-03 1.745e-05 1.624e-05 1.469e-03 3.633e-05 6.989e-04 6.163e-05 7.712e-04 7.075e-06 3.844e-04 5.109e-06 7.738e-05 3.989e-06 6.631e-05 4.280e-08 3.302e-06 3.943e-07 1.926e-05 1.408e-05 1.336e-03 3.707e-06 7.894e-05 
0.0669894  0.09550  1.314e+07  8.980e+01  1.399e+17  0.40604  0.54385  0.44035  4.455e-05 5.972e-06 1.359e-06 4.021e-03 8.450e-08 6.668e-03 1.327e-05 1.621e-05 1.468e-03 3.630e-05 6.983e-04 6.158e-05 7.706e-04 7.069e-06 3.840e-04 5.105e-06 7.731e-05 3.986e-06 6.626e-05 4.277e-08 3.299e-06 3.939e-07 1.924e-05 1.407e-05 1.334e-03 3.704e-06 7.887e-05 
0.0759847  0.10050  1.295e+07  8.616e+01  1.336e+17  0.44573  0.55617  0.42804  5.020e-05 5.782e-06 1.315e-06 4.017e-03 8.464e-08 6.663e-03 1.019e-05 1.619e-05 1.466e-03 3.627e-05 6.977e-04 6.152e-05 7.699e-04 7.062e-06 3.837e-04 5.100e-06 7.724e-05 3.982e-06 6.620e-05 4.273e-08 3.296e-06 3.936e-07 1.923e-05 1.405e-05 1.333e-03 3.701e-06 7.880e-05 
0.0855178  0.10550  1.275e+07  8.264e+01  1.275e+17  0.48498  0.56809  0.41613  5.662e-05 5.591e-06 1.272e-06 4.013e-03 8.478e-08 6.656e-03 7.947e-06 1.617e-05 1.464e-03 3.623e-05 6.971e-04 6.147e-05 7.692e-04 7.056e-06 3.834e-04 5.096e-06 7.717e-05 3.979e-06 6.614e-05 4.269e-08 3.293e-06 3.932e-07 1.921e-05 1.404e-05 1.332e-03 3.698e-06 7.873e-05 
0.0955659  0.11050  1.256e+07  7.922e+01  1.215e+17  0.52348  0.57957  0.40466  6.391e-05 5.401e-06 1.229e-06 4.008e-03 8.492e-08 6.650e-03 6.333e-06 1.615e-05 1.462e-03 3.620e-05 6.964e-04 6.141e-05 7.686e-04 7.050e-06 3.830e-04 5.091e-06 7.711e-05 3.975e-06 6.608e-05 4.266e-08 3.290e-06 3.929e-07 1.919e-05 1.403e-05 1.331e-03 3.694e-06 7.866e-05 
0.1061101  0.11550  1.236e+07  7.592e+01  1.157e+17  0.56092  0.59057  0.39367  7.218e-05 5.211e-06 1.185e-06 4.004e-03 8.506e-08 6.642e-03 5.189e-06 1.613e-05 1.460e-03 3.617e-05 6.958e-04 6.136e-05 7.679e-04 7.044e-06 3.827e-04 5.087e-06 7.704e-05 3.972e-06 6.603e-05 4.262e-08 3.287e-06 3.925e-07 1.918e-05 1.402e-05 1.330e-03 3.691e-06 7.860e-05 
0.1171277  0.12050  1.217e+07  7.273e+01  1.100e+17  0.59705  0.60105  0.38320  8.156e-05 5.021e-06 1.142e-06 4.000e-03 8.522e-08 6.635e-03 4.387e-06 1.611e-05 1.458e-03 3.614e-05 6.952e-04 6.131e-05 7.672e-04 7.038e-06 3.823e-04 5.083e-06 7.697e-05 3.968e-06 6.597e-05 4.258e-08 3.284e-06 3.922e-07 1.916e-05 1.401e-05 1.329e-03 3.688e-06 7.853e-05 
0.1285948  0.12550  1.197e+07  6.966e+01  1.045e+17  0.63168  0.61100  0.37326  9.221e-05 4.857e-06 1.106e-06 3.995e-03 8.537e-08 6.627e-03 3.831e-06 1.609e-05 1.457e-03 3.611e-05 6.946e-04 6.125e-05 7.665e-04 7.031e-06 3.820e-04 5.078e-06 7.690e-05 3.965e-06 6.591e-05 4.254e-08 3.282e-06 3.918e-07 1.914e-05 1.399e-05 1.327e-03 3.685e-06 7.846e-05 
0.1404859  0.13050  1.178e+07  6.669e+01  9.915e+16  0.66462  0.62039  0.36387  1.043e-04 5.257e-06 1.232e-06 3.990e-03 8.550e-08 6.619e-03 3.447e-06 1.606e-05 1.455e-03 3.607e-05 6.940e-04 6.120e-05 7.659e-04 7.025e-06 3.817e-04 5.074e-06 7.684e-05 3.961e-06 6.585e-05 4.251e-08 3.279e-06 3.915e-07 1.913e-05 1.398e-05 1.326e-03 3.681e-06 7.839e-05 
0.1527759  0.13550  1.158e+07  6.384e+01  9.399e+16  0.69577  0.62923  0.35504  1.180e-04 1.083e-05 2.854e-06 3.978e-03 8.547e-08 6.611e-03 3.185e-06 1.604e-05 1.453e-03 3.604e-05 6.934e-04 6.114e-05 7.652e-04 7.019e-06 3.813e-04 5.069e-06 7.677e-05 3.958e-06 6.579e-05 4.247e-08 3.276e-06 3.912e-07 1.911e-05 1.397e-05 1.325e-03 3.678e-06 7.832e-05 
0.1654384  0.14050  1.139e+07  6.108e+01  8.902e+16  0.72504  0.63751  0.34677  1.336e-04 3.988e-05 1.126e-05 3.930e-03 8.467e-08 6.603e-03 3.008e-06 1.602e-05 1.451e-03 3.601e-05 6.928e-04 6.109e-05 7.645e-04 7.013e-06 3.810e-04 5.065e-06 7.670e-05 3.954e-06 6.574e-05 4.243e-08 3.273e-06 3.908e-07 1.909e-05 1.396e-05 1.324e-03 3.675e-06 7.825e-05 
0.1784462  0.14550  1.120e+07  5.843e+01  8.423e+16  0.75240  0.64525  0.33904  1.513e-04 1.288e-04 3.698e-05 3.793e-03 8.190e-08 6.595e-03 2.888e-06 1.600e-05 1.449e-03 3.598e-05 6.922e-04 6.104e-05 7.639e-04 7.007e-06 3.807e-04 5.060e-06 7.664e-05 3.951e-06 6.568e-05 4.240e-08 3.270e-06 3.905e-07 1.908e-05 1.394e-05 1.323e-03 3.672e-06 7.818e-05 
0.1917736  0.15050  1.101e+07  5.588e+01  7.962e+16  0.77784  0.65246  0.33186  1.714e-04 3.126e-04 9.012e-05 3.515e-03 7.601e-08 6.587e-03 2.808e-06 1.598e-05 1.448e-03 3.595e-05 6.916e-04 6.099e-05 7.633e-04 7.001e-06 3.804e-04 5.056e-06 7.657e-05 3.948e-06 6.563e-05 4.236e-08 3.267e-06 3.902e-07 1.906e-05 1.393e-05 1.322e-03 3.669e-06 7.812e-05 
0.2053913  0.15550  1.082e+07  5.341e+01  7.520e+16  0.80138  0.65917  0.32521  1.943e-04 5.935e-04 1.707e-04 3.094e-03 6.691e-08 6.579e-03 2.754e-06 1.596e-05 1.446e-03 3.592e-05 6.911e-04 6.094e-05 7.626e-04 6.996e-06 3.801e-04 5.052e-06 7.651e-05 3.944e-06 6.557e-05 4.233e-08 3.265e-06 3.899e-07 1.905e-05 1.392e-05 1.321e-03 3.666e-06 7.806e-05 
0.2192710  0.16050  1.064e+07  5.104e+01  7.097e+16  0.82303  0.66537  0.31906  2.202e-04 9.370e-04 2.651e-04 2.585e-03 5.580e-08 6.572e-03 2.718e-06 1.594e-05 1.444e-03 3.590e-05 6.905e-04 6.089e-05 7.621e-04 6.990e-06 3.798e-04 5.048e-06 7.645e-05 3.941e-06 6.552e-05 4.229e-08 3.262e-06 3.896e-07 1.903e-05 1.391e-05 1.320e-03 3.663e-06 7.800e-05 
0.2333845  0.16550  1.046e+07  4.876e+01  6.692e+16  0.84284  0.67109  0.31340  2.497e-04 1.293e-03 3.490e-04 2.074e-03 4.458e-08 6.565e-03 2.693e-06 1.592e-05 1.443e-03 3.587e-05 6.900e-04 6.085e-05 7.615e-04 6.985e-06 3.795e-04 5.045e-06 7.640e-05 3.938e-06 6.548e-05 4.226e-08 3.260e-06 3.893e-07 1.902e-05 1.390e-05 1.319e-03 3.660e-06 7.794e-05 
0.2477035  0.17050  1.028e+07  4.656e+01  6.304e+16  0.86086  0.67633  0.30819  2.830e-04 1.620e-03 3.978e-04 1.636e-03 3.496e-08 6.558e-03 2.676e-06 1.590e-05 1.441e-03 3.584e-05 6.895e-04 6.080e-05 7.609e-04 6.980e-06 3.792e-04 5.041e-06 7.634e-05 3.936e-06 6.543e-05 4.223e-08 3.258e-06 3.890e-07 1.900e-05 1.389e-05 1.318e-03 3.658e-06 7.788e-05 
0.2621984  0.17550  1.010e+07  4.444e+01  5.935e+16  0.87719  0.68113  0.30342  3.209e-04 1.894e-03 4.017e-04 1.307e-03 2.780e-08 6.551e-03 2.664e-06 1.589e-05 1.440e-03 3.582e-05 6.890e-04 6.076e-05 7.604e-04 6.975e-06 3.789e-04 5.037e-06 7.629e-05 3.933e-06 6.538e-05 4.220e-08 3.255e-06 3.887e-07 1.899e-05 1.388e-05 1.317e-03 3.655e-06 7.783e-05 
0.2768422  0.18050  9.927e+06  4.240e+01  5.583e+16  0.89189  0.68550  0.29905  3.639e-04 2.111e-03 3.674e-04 1.088e-03 2.330e-08 6.544e-03 2.656e-06 1.587e-05 1.438e-03 3.579e-05 6.886e-04 6.072e-05 7.599e-04 6.970e-06 3.787e-04 5.034e-06 7.624e-05 3.930e-06 6.534e-05 4.217e-08 3.253e-06 3.884e-07 1.898e-05 1.387e-05 1.316e-03 3.653e-06 7.777e-05 
0.2916060  0.18550  9.757e+06  4.043e+01  5.247e+16  0.90510  0.68948  0.29506  4.126e-04 2.274e-03 3.121e-04 9.539e-04 2.437e-08 6.538e-03 2.649e-06 1.585e-05 1.437e-03 3.577e-05 6.881e-04 6.068e-05 7.594e-04 6.966e-06 3.784e-04 5.030e-06 7.618e-05 3.927e-06 6.529e-05 4.214e-08 3.251e-06 3.882e-07 1.896e-05 1.386e-05 1.315e-03 3.650e-06 7.772e-05 
0.3064622  0.19050  9.590e+06  3.854e+01  4.929e+16  0.91692  0.69308  0.29143  4.680e-04 2.392e-03 2.517e-04 8.773e-04 5.110e-08 6.532e-03 2.644e-06 1.584e-05 1.436e-03 3.574e-05 6.876e-04 6.064e-05 7.589e-04 6.961e-06 3.782e-04 5.027e-06 7.613e-05 3.925e-06 6.525e-05 4.212e-08 3.249e-06 3.879e-07 1.895e-05 1.385e-05 1.314e-03 3.648e-06 7.767e-05 
0.3213835  0.19550  9.426e+06  3.672e+01  4.627e+16  0.92746  0.69635  0.28812  5.307e-04 2.476e-03 1.966e-04 8.352e-04 1.479e-07 6.526e-03 2.640e-06 1.582e-05 1.434e-03 3.572e-05 6.872e-04 6.060e-05 7.584e-04 6.957e-06 3.779e-04 5.024e-06 7.609e-05 3.922e-06 6.521e-05 4.209e-08 3.247e-06 3.877e-07 1.894e-05 1.384e-05 1.313e-03 3.645e-06 7.762e-05 
0.3363435  0.20050  9.265e+06  3.497e+01  4.340e+16  0.93682  0.69930  0.28512  6.021e-04 2.534e-03 1.513e-04 8.128e-04 3.478e-07 6.520e-03 2.637e-06 1.580e-05 1.433e-03 3.570e-05 6.868e-04 6.056e-05 7.579e-04 6.952e-06 3.777e-04 5.021e-06 7.604e-05 3.920e-06 6.517e-05 4.206e-08 3.245e-06 3.874e-07 1.893e-05 1.384e-05 1.313e-03 3.643e-06 7.757e-05 
0.3513159  0.20550  9.108e+06  3.329e+01  4.068e+16  0.94512  0.70197  0.28239  6.831e-04 2.574e-03 1.165e-04 8.007e-04 6.272e-07 6.514e-03 2.634e-06 1.579e-05 1.432e-03 3.568e-05 6.864e-04 6.053e-05 7.575e-04 6.948e-06 3.775e-04 5.018e-06 7.599e-05 3.918e-06 6.513e-05 4.204e-08 3.243e-06 3.872e-07 1.892e-05 1.383e-05 1.312e-03 3.641e-06 7.753e-05 
0.3662762  0.21050  8.954e+06  3.167e+01  3.811e+16  0.95247  0.70437  0.27991  7.751e-04 2.600e-03 9.074e-05 7.940e-04 9.292e-07 6.508e-03 2.631e-06 1.577e-05 1.431e-03 3.566e-05 6.860e-04 6.049e-05 7.570e-04 6.944e-06 3.773e-04 5.015e-06 7.595e-05 3.915e-06 6.509e-05 4.201e-08 3.241e-06 3.870e-07 1.891e-05 1.382e-05 1.311e-03 3.639e-06 7.748e-05 
0.3811993  0.21550  8.803e+06  3.012e+01  3.569e+16  0.95894  0.70654  0.27765  8.799e-04 2.617e-03 7.242e-05 7.902e-04 1.202e-06 6.503e-03 2.629e-06 1.576e-05 1.429e-03 3.564e-05 6.856e-04 6.046e-05 7.566e-04 6.940e-06 3.770e-04 5.012e-06 7.591e-05 3.913e-06 6.505e-05 4.199e-08 3.239e-06 3.868e-07 1.889e-05 1.381e-05 1.310e-03 3.637e-06 7.744e-05 
0.3960625  0.22050  8.655e+06  2.864e+01  3.340e+16  0.96463  0.70848  0.27560  9.994e-04 2.628e-03 5.960e-05 7.878e-04 1.422e-06 6.498e-03 2.627e-06 1.575e-05 1.428e-03 3.562e-05 6.852e-04 6.042e-05 7.562e-04 6.936e-06 3.768e-04 5.009e-06 7.586e-05 3.911e-06 6.502e-05 4.197e-08 3.237e-06 3.865e-07 1.888e-05 1.380e-05 1.310e-03 3.635e-06 7.739e-05 
0.4108456  0.22550  8.511e+06  2.721e+01  3.124e+16  0.96963  0.71022  0.27374  1.136e-03 2.635e-03 5.066e-05 7.862e-04 1.586e-06 6.493e-03 2.624e-06 1.573e-05 1.427e-03 3.560e-05 6.849e-04 6.039e-05 7.558e-04 6.933e-06 3.767e-04 5.007e-06 7.583e-05 3.909e-06 6.499e-05 4.195e-08 3.236e-06 3.864e-07 1.887e-05 1.380e-05 1.309e-03 3.633e-06 7.736e-05 
0.4255233  0.23050  8.369e+06  2.584e+01  2.920e+16  0.97400  0.71178  0.27203  1.292e-03 2.639e-03 4.465e-05 7.851e-04 1.699e-06 6.488e-03 2.622e-06 1.572e-05 1.426e-03 3.558e-05 6.845e-04 6.036e-05 7.554e-04 6.929e-06 3.764e-04 5.004e-06 7.578e-05 3.907e-06 6.495e-05 4.192e-08 3.234e-06 3.861e-07 1.886e-05 1.379e-05 1.308e-03 3.631e-06 7.731e-05 
0.4400818  0.23550  8.231e+06  2.453e+01  2.729e+16  0.97784  0.71317  0.27047  1.470e-03 2.641e-03 4.050e-05 7.842e-04 1.778e-06 6.483e-03 2.620e-06 1.571e-05 1.425e-03 3.556e-05 6.842e-04 6.033e-05 7.550e-04 6.926e-06 3.763e-04 5.002e-06 7.575e-05 3.905e-06 6.492e-05 4.190e-08 3.232e-06 3.860e-07 1.886e-05 1.378e-05 1.308e-03 3.629e-06 7.728e-05 
0.4544947  0.24050  8.095e+06  2.328e+01  2.549e+16  0.98119  0.71441  0.26904  1.677e-03 2.642e-03 3.774e-05 7.834e-04 1.828e-06 6.479e-03 2.618e-06 1.570e-05 1.424e-03 3.555e-05 6.838e-04 6.030e-05 7.546e-04 6.922e-06 3.761e-04 4.999e-06 7.571e-05 3.903e-06 6.489e-05 4.188e-08 3.231e-06 3.858e-07 1.885e-05 1.378e-05 1.307e-03 3.627e-06 7.724e-05 
0.4687577  0.24550  7.963e+06  2.209e+01  2.380e+16  0.98413  0.71551  0.26771  1.914e-03 2.642e-03 3.584e-05 7.827e-04 1.862e-06 6.474e-03 2.616e-06 1.568e-05 1.423e-03 3.553e-05 6.835e-04 6.027e-05 7.543e-04 6.919e-06 3.759e-04 4.997e-06 7.567e-05 3.901e-06 6.486e-05 4.186e-08 3.229e-06 3.856e-07 1.884e-05 1.377e-05 1.306e-03 3.626e-06 7.720e-05 
0.4828415  0.25050  7.833e+06  2.094e+01  2.221e+16  0.98668  0.71649  0.26647  2.184e-03 2.641e-03 3.457e-05 7.821e-04 1.883e-06 6.470e-03 2.614e-06 1.567e-05 1.422e-03 3.551e-05 6.832e-04 6.024e-05 7.539e-04 6.916e-06 3.757e-04 4.994e-06 7.564e-05 3.899e-06 6.482e-05 4.184e-08 3.228e-06 3.854e-07 1.883e-05 1.376e-05 1.306e-03 3.624e-06 7.716e-05 
0.4967404  0.25550  7.707e+06  1.985e+01  2.072e+16  0.98891  0.71736  0.26531  2.482e-03 2.640e-03 3.371e-05 7.815e-04 1.896e-06 6.465e-03 2.612e-06 1.566e-05 1.421e-03 3.550e-05 6.829e-04 6.022e-05 7.536e-04 6.913e-06 3.756e-04 4.992e-06 7.560e-05 3.898e-06 6.480e-05 4.182e-08 3.226e-06 3.852e-07 1.882e-05 1.376e-05 1.305e-03 3.622e-06 7.713e-05 
0.5104306  0.26050  7.583e+06  1.881e+01  1.933e+16  0.99082  0.71812  0.26426  2.786e-03 2.639e-03 3.314e-05 7.809e-04 1.904e-06 6.461e-03 2.611e-06 1.565e-05 1.420e-03 3.548e-05 6.825e-04 6.019e-05 7.532e-04 6.909e-06 3.754e-04 4.990e-06 7.557e-05 3.896e-06 6.476e-05 4.180e-08 3.224e-06 3.850e-07 1.881e-05 1.375e-05 1.304e-03 3.621e-06 7.709e-05 
0.5239192  0.26550  7.462e+06  1.782e+01  1.802e+16  0.99245  0.71881  0.26330  3.063e-03 2.637e-03 3.274e-05 7.804e-04 1.909e-06 6.457e-03 2.609e-06 1.564e-05 1.419e-03 3.546e-05 6.822e-04 6.016e-05 7.529e-04 6.906e-06 3.752e-04 4.988e-06 7.553e-05 3.894e-06 6.474e-05 4.179e-08 3.223e-06 3.849e-07 1.880e-05 1.374e-05 1.304e-03 3.619e-06 7.706e-05 
0.5371857  0.27050  7.344e+06  1.687e+01  1.680e+16  0.99379  0.71944  0.26247  3.266e-03 2.636e-03 3.247e-05 7.799e-04 1.911e-06 6.453e-03 2.607e-06 1.563e-05 1.419e-03 3.545e-05 6.820e-04 6.014e-05 7.526e-04 6.904e-06 3.751e-04 4.986e-06 7.551e-05 3.892e-06 6.471e-05 4.177e-08 3.222e-06 3.847e-07 1.880e-05 1.374e-05 1.303e-03 3.618e-06 7.703e-05 
0.5502003  0.27550  7.228e+06  1.597e+01  1.566e+16  0.99484  0.72004  0.26179  3.349e-03 2.634e-03 3.229e-05 7.794e-04 1.912e-06 6.449e-03 2.606e-06 1.562e-05 1.418e-03 3.544e-05 6.817e-04 6.011e-05 7.523e-04 6.901e-06 3.749e-04 4.984e-06 7.547e-05 3.891e-06 6.468e-05 4.175e-08 3.221e-06 3.846e-07 1.879e-05 1.373e-05 1.303e-03 3.616e-06 7.700e-05 
0.5630106  0.28050  7.115e+06  1.512e+01  1.459e+16  0.99569  0.72063  0.26124  3.328e-03 2.633e-03 3.216e-05 7.789e-04 1.913e-06 6.445e-03 2.604e-06 1.561e-05 1.417e-03 3.542e-05 6.814e-04 6.009e-05 7.520e-04 6.898e-06 3.747e-04 4.981e-06 7.544e-05 3.889e-06 6.466e-05 4.173e-08 3.219e-06 3.844e-07 1.878e-05 1.373e-05 1.302e-03 3.615e-06 7.696e-05 
0.5755503  0.28550  7.005e+06  1.430e+01  1.359e+16  0.99633  0.72119  0.26082  3.185e-03 2.632e-03 3.207e-05 7.786e-04 1.913e-06 6.443e-03 2.603e-06 1.560e-05 1.416e-03 3.541e-05 6.812e-04 6.007e-05 7.518e-04 6.896e-06 3.747e-04 4.980e-06 7.542e-05 3.888e-06 6.464e-05 4.172e-08 3.218e-06 3.843e-07 1.877e-05 1.372e-05 1.302e-03 3.614e-06 7.695e-05 
0.5878390  0.29050  6.897e+06  1.353e+01  1.266e+16  0.99683  0.72175  0.26049  2.970e-03 2.630e-03 3.200e-05 7.781e-04 1.912e-06 6.438e-03 2.601e-06 1.559e-05 1.415e-03 3.539e-05 6.809e-04 6.004e-05 7.514e-04 6.893e-06 3.745e-04 4.978e-06 7.539e-05 3.886e-06 6.461e-05 4.170e-08 3.217e-06 3.841e-07 1.877e-05 1.372e-05 1.301e-03 3.612e-06 7.691e-05 
0.5998725  0.29550  6.791e+06  1.279e+01  1.179e+16  0.99721  0.72228  0.26022  2.714e-03 2.629e-03 3.195e-05 7.777e-04 1.912e-06 6.435e-03 2.600e-06 1.558e-05 1.415e-03 3.538e-05 6.807e-04 6.002e-05 7.512e-04 6.891e-06 3.744e-04 4.976e-06 7.536e-05 3.885e-06 6.459e-05 4.169e-08 3.216e-06 3.840e-07 1.876e-05 1.371e-05 1.301e-03 3.611e-06 7.689e-05 
0.6116394  0.30050  6.688e+06  1.210e+01  1.098e+16  0.99752  0.72278  0.26000  2.444e-03 2.628e-03 3.191e-05 7.773e-04 1.911e-06 6.432e-03 2.598e-06 1.557e-05 1.414e-03 3.537e-05 6.805e-04 6.001e-05 7.509e-04 6.888e-06 3.742e-04 4.975e-06 7.534e-05 3.884e-06 6.457e-05 4.168e-08 3.215e-06 3.839e-07 1.875e-05 1.371e-05 1.300e-03 3.610e-06 7.686e-05 
0.6231179  0.30550  6.587e+06  1.144e+01  1.023e+16  0.99776  0.72324  0.25981  2.182e-03 2.626e-03 3.187e-05 7.769e-04 1.910e-06 6.429e-03 2.597e-06 1.556e-05 1.413e-03 3.536e-05 6.802e-04 5.998e-05 7.507e-04 6.886e-06 3.741e-04 4.973e-06 7.531e-05 3.883e-06 6.455e-05 4.166e-08 3.214e-06 3.837e-07 1.875e-05 1.370e-05 1.300e-03 3.608e-06 7.683e-05 
0.6343782  0.31050  6.488e+06  1.081e+01  9.527e+15  0.99797  0.72368  0.25962  1.934e-03 2.625e-03 3.185e-05 7.765e-04 1.909e-06 6.425e-03 2.596e-06 1.555e-05 1.413e-03 3.535e-05 6.800e-04 5.996e-05 7.504e-04 6.883e-06 3.740e-04 4.971e-06 7.528e-05 3.881e-06 6.452e-05 4.165e-08 3.212e-06 3.836e-07 1.874e-05 1.370e-05 1.300e-03 3.607e-06 7.680e-05 
0.6453219  0.31550  6.392e+06  1.022e+01  8.872e+15  0.99813  0.72408  0.25945  1.712e-03 2.623e-03 3.182e-05 7.761e-04 1.908e-06 6.422e-03 2.594e-06 1.554e-05 1.412e-03 3.533e-05 6.798e-04 5.994e-05 7.502e-04 6.881e-06 3.738e-04 4.970e-06 7.526e-05 3.880e-06 6.450e-05 4.163e-08 3.211e-06 3.835e-07 1.873e-05 1.369e-05 1.299e-03 3.606e-06 7.678e-05 
0.6560108  0.32050  6.298e+06  9.656e+00  8.262e+15  0.99827  0.72445  0.25929  1.510e-03 2.622e-03 3.180e-05 7.758e-04 1.907e-06 6.420e-03 2.593e-06 1.554e-05 1.411e-03 3.533e-05 6.796e-04 5.993e-05 7.500e-04 6.879e-06 3.738e-04 4.968e-06 7.524e-05 3.879e-06 6.448e-05 4.162e-08 3.211e-06 3.834e-07 1.873e-05 1.369e-05 1.299e-03 3.605e-06 7.676e-05 
0.6664657  0.32550  6.206e+06  9.125e+00  7.695e+15  0.99839  0.72479  0.25913  1.329e-03 2.621e-03 3.178e-05 7.754e-04 1.906e-06 6.417e-03 2.592e-06 1.553e-05 1.411e-03 3.531e-05 6.793e-04 5.991e-05 7.497e-04 6.877e-06 3.736e-04 4.966e-06 7.521e-05 3.877e-06 6.446e-05 4.161e-08 3.209e-06 3.832e-07 1.872e-05 1.369e-05 1.298e-03 3.604e-06 7.673e-05 
0.6766389  0.33050  6.116e+06  8.623e+00  7.167e+15  0.99849  0.72511  0.25898  1.169e-03 2.620e-03 3.177e-05 7.751e-04 1.905e-06 6.414e-03 2.591e-06 1.552e-05 1.410e-03 3.530e-05 6.792e-04 5.989e-05 7.495e-04 6.875e-06 3.735e-04 4.965e-06 7.519e-05 3.876e-06 6.444e-05 4.160e-08 3.209e-06 3.831e-07 1.872e-05 1.368e-05 1.298e-03 3.603e-06 7.671e-05 
0.6865328  0.33550  6.027e+06  8.148e+00  6.675e+15  0.99857  0.72541  0.25883  1.030e-03 2.619e-03 3.175e-05 7.747e-04 1.905e-06 6.411e-03 2.589e-06 1.551e-05 1.409e-03 3.529e-05 6.790e-04 5.987e-05 7.493e-04 6.873e-06 3.734e-04 4.964e-06 7.517e-05 3.875e-06 6.443e-05 4.158e-08 3.208e-06 3.830e-07 1.871e-05 1.368e-05 1.298e-03 3.602e-06 7.669e-05 
0.6961480  0.34050  5.941e+06  7.700e+00  6.218e+15  0.99864  0.72569  0.25868  9.081e-04 2.617e-03 3.173e-05 7.744e-04 1.904e-06 6.408e-03 2.588e-06 1.551e-05 1.409e-03 3.528e-05 6.788e-04 5.985e-05 7.491e-04 6.871e-06 3.733e-04 4.962e-06 7.515e-05 3.874e-06 6.441e-05 4.157e-08 3.207e-06 3.829e-07 1.871e-05 1.367e-05 1.297e-03 3.601e-06 7.667e-05 
0.7055574  0.34550  5.857e+06  7.276e+00  5.793e+15  0.99870  0.72595  0.25853  7.984e-04 2.616e-03 3.172e-05 7.740e-04 1.903e-06 6.405e-03 2.587e-06 1.550e-05 1.408e-03 3.527e-05 6.785e-04 5.983e-05 7.488e-04 6.869e-06 3.732e-04 4.961e-06 7.512e-05 3.873e-06 6.438e-05 4.156e-08 3.206e-06 3.828e-07 1.870e-05 1.367e-05 1.297e-03 3.599e-06 7.664e-05 
0.7146636  0.35050  5.774e+06  6.875e+00  5.397e+15  0.99875  0.72619  0.25839  7.046e-04 2.615e-03 3.170e-05 7.737e-04 1.902e-06 6.403e-03 2.586e-06 1.549e-05 1.408e-03 3.526e-05 6.784e-04 5.982e-05 7.486e-04 6.867e-06 3.731e-04 4.959e-06 7.511e-05 3.872e-06 6.437e-05 4.155e-08 3.205e-06 3.827e-07 1.870e-05 1.367e-05 1.296e-03 3.599e-06 7.662e-05 
0.7235353  0.35550  5.693e+06  6.497e+00  5.030e+15  0.99879  0.72642  0.25825  6.215e-04 2.614e-03 3.169e-05 7.734e-04 1.901e-06 6.400e-03 2.585e-06 1.548e-05 1.407e-03 3.525e-05 6.782e-04 5.980e-05 7.484e-04 6.865e-06 3.730e-04 4.958e-06 7.509e-05 3.871e-06 6.435e-05 4.154e-08 3.204e-06 3.826e-07 1.869e-05 1.366e-05 1.296e-03 3.598e-06 7.660e-05 
0.7321711  0.36050  5.613e+06  6.140e+00  4.687e+15  0.99883  0.72665  0.25810  5.483e-04 2.613e-03 3.167e-05 7.730e-04 1.900e-06 6.397e-03 2.583e-06 1.548e-05 1.406e-03 3.524e-05 6.780e-04 5.978e-05 7.482e-04 6.863e-06 3.729e-04 4.956e-06 7.506e-05 3.870e-06 6.433e-05 4.152e-08 3.203e-06 3.825e-07 1.868e-05 1.366e-05 1.296e-03 3.596e-06 7.658e-05 
0.7405406  0.36550  5.536e+06  5.803e+00  4.369e+15  0.99885  0.72684  0.25797  4.850e-04 2.612e-03 3.166e-05 7.728e-04 1.900e-06 6.395e-03 2.583e-06 1.547e-05 1.406e-03 3.524e-05 6.779e-04 5.978e-05 7.481e-04 6.862e-06 3.728e-04 4.956e-06 7.505e-05 3.869e-06 6.432e-05 4.152e-08 3.202e-06 3.824e-07 1.868e-05 1.366e-05 1.295e-03 3.596e-06 7.657e-05 
0.7486736  0.37050  5.460e+06  5.485e+00  4.073e+15  0.99888  0.72705  0.25783  4.293e-04 2.611e-03 3.164e-05 7.724e-04 1.899e-06 6.392e-03 2.581e-06 1.546e-05 1.405e-03 3.522e-05 6.776e-04 5.976e-05 7.478e-04 6.860e-06 3.727e-04 4.954e-06 7.503e-05 3.868e-06 6.430e-05 4.150e-08 3.201e-06 3.823e-07 1.868e-05 1.365e-05 1.295e-03 3.595e-06 7.654e-05 
0.7565954  0.37550  5.385e+06  5.185e+00  3.798e+15  0.99890  0.72724  0.25769  3.800e-04 2.609e-03 3.163e-05 7.721e-04 1.898e-06 6.390e-03 2.580e-06 1.546e-05 1.405e-03 3.521e-05 6.774e-04 5.974e-05 7.476e-04 6.858e-06 3.726e-04 4.953e-06 7.500e-05 3.867e-06 6.428e-05 4.149e-08 3.200e-06 3.822e-07 1.867e-05 1.365e-05 1.295e-03 3.594e-06 7.652e-05 
0.7642432  0.38050  5.312e+06  4.902e+00  3.542e+15  0.99891  0.72742  0.25756  3.379e-04 2.608e-03 3.161e-05 7.718e-04 1.897e-06 6.387e-03 2.579e-06 1.545e-05 1.404e-03 3.521e-05 6.773e-04 5.973e-05 7.474e-04 6.856e-06 3.725e-04 4.952e-06 7.499e-05 3.866e-06 6.427e-05 4.148e-08 3.200e-06 3.821e-07 1.867e-05 1.364e-05 1.294e-03 3.593e-06 7.650e-05 
0.7717109  0.38550  5.240e+06  4.635e+00  3.304e+15  0.99893  0.72759  0.25743  2.999e-04 2.607e-03 3.160e-05 7.715e-04 1.896e-06 6.385e-03 2.578e-06 1.544e-05 1.404e-03 3.520e-05 6.771e-04 5.971e-05 7.472e-04 6.854e-06 3.724e-04 4.950e-06 7.497e-05 3.865e-06 6.425e-05 4.147e-08 3.199e-06 3.820e-07 1.866e-05 1.364e-05 1.294e-03 3.592e-06 7.648e-05 
0.7789348  0.39050  5.170e+06  4.383e+00  3.083e+15  0.99894  0.72776  0.25730  2.672e-04 2.606e-03 3.159e-05 7.712e-04 1.895e-06 6.383e-03 2.577e-06 1.544e-05 1.403e-03 3.519e-05 6.770e-04 5.970e-05 7.471e-04 6.853e-06 3.723e-04 4.949e-06 7.495e-05 3.864e-06 6.424e-05 4.146e-08 3.198e-06 3.819e-07 1.866e-05 1.364e-05 1.294e-03 3.591e-06 7.647e-05 
0.7859455  0.39550  5.101e+06  4.145e+00  2.877e+15  0.99895  0.72793  0.25717  2.385e-04 2.605e-03 3.157e-05 7.709e-04 1.895e-06 6.380e-03 2.576e-06 1.543e-05 1.403e-03 3.518e-05 6.768e-04 5.968e-05 7.469e-04 6.851e-06 3.722e-04 4.948e-06 7.493e-05 3.863e-06 6.422e-05 4.145e-08 3.197e-06 3.818e-07 1.865e-05 1.363e-05 1.293e-03 3.590e-06 7.645e-05 
0.7927504  0.40050  5.033e+06  3.920e+00  2.685e+15  0.99895  0.72809  0.25703  2.133e-04 2.604e-03 3.156e-05 7.706e-04 1.894e-06 6.377e-03 2.575e-06 1.542e-05 1.402e-03 3.517e-05 6.766e-04 5.966e-05 7.467e-04 6.849e-06 3.721e-04 4.946e-06 7.491e-05 3.862e-06 6.420e-05 4.144e-08 3.197e-06 3.817e-07 1.865e-05 1.363e-05 1.293e-03 3.589e-06 7.642e-05 
0.7993405  0.40550  4.967e+06  3.709e+00  2.507e+15  0.99896  0.72825  0.25691  1.914e-04 2.603e-03 3.155e-05 7.703e-04 1.893e-06 6.375e-03 2.574e-06 1.542e-05 1.402e-03 3.516e-05 6.765e-04 5.965e-05 7.465e-04 6.848e-06 3.720e-04 4.946e-06 7.490e-05 3.861e-06 6.419e-05 4.143e-08 3.196e-06 3.816e-07 1.864e-05 1.363e-05 1.293e-03 3.589e-06 7.641e-05 
0.8057368  0.41050  4.902e+06  3.509e+00  2.341e+15  0.99896  0.72840  0.25678  1.721e-04 2.602e-03 3.153e-05 7.700e-04 1.892e-06 6.373e-03 2.573e-06 1.541e-05 1.401e-03 3.516e-05 6.763e-04 5.964e-05 7.464e-04 6.846e-06 3.720e-04 4.944e-06 7.488e-05 3.860e-06 6.418e-05 4.142e-08 3.195e-06 3.815e-07 1.864e-05 1.362e-05 1.293e-03 3.588e-06 7.639e-05 
0.8119471  0.41550  4.838e+06  3.321e+00  2.187e+15  0.99896  0.72855  0.25665  1.551e-04 2.601e-03 3.152e-05 7.697e-04 1.892e-06 6.370e-03 2.572e-06 1.541e-05 1.401e-03 3.515e-05 6.761e-04 5.962e-05 7.461e-04 6.844e-06 3.718e-04 4.943e-06 7.486e-05 3.859e-06 6.416e-05 4.141e-08 3.194e-06 3.814e-07 1.863e-05 1.362e-05 1.292e-03 3.587e-06 7.637e-05 
0.8179440  0.42050  4.775e+06  3.143e+00  2.043e+15  0.99897  0.72869  0.25653  1.404e-04 2.600e-03 3.151e-05 7.695e-04 1.891e-06 6.368e-03 2.571e-06 1.540e-05 1.400e-03 3.514e-05 6.760e-04 5.961e-05 7.460e-04 6.843e-06 3.718e-04 4.942e-06 7.484e-05 3.858e-06 6.414e-05 4.140e-08 3.194e-06 3.814e-07 1.863e-05 1.362e-05 1.292e-03 3.586e-06 7.636e-05 
0.8237841  0.42550  4.713e+06  2.975e+00  1.909e+15  0.99897  0.72883  0.25641  1.273e-04 2.599e-03 3.150e-05 7.692e-04 1.890e-06 6.366e-03 2.570e-06 1.539e-05 1.400e-03 3.513e-05 6.759e-04 5.960e-05 7.458e-04 6.842e-06 3.717e-04 4.941e-06 7.483e-05 3.858e-06 6.413e-05 4.139e-08 3.193e-06 3.813e-07 1.863e-05 1.362e-05 1.292e-03 3.585e-06 7.634e-05 
0.8294291  0.43050  4.653e+06  2.817e+00  1.785e+15  0.99897  0.72897  0.25628  1.160e-04 2.598e-03 3.148e-05 7.689e-04 1.889e-06 6.364e-03 2.569e-06 1.539e-05 1.399e-03 3.512e-05 6.757e-04 5.958e-05 7.457e-04 6.840e-06 3.716e-04 4.940e-06 7.481e-05 3.857e-06 6.411e-05 4.138e-08 3.192e-06 3.812e-07 1.862e-05 1.361e-05 1.291e-03 3.584e-06 7.632e-05 
0.8349106  0.43550  4.594e+06  2.668e+00  1.669e+15  0.99897  0.72910  0.25616  1.060e-04 2.598e-03 3.147e-05 7.687e-04 1.889e-06 6.362e-03 2.569e-06 1.538e-05 1.399e-03 3.512e-05 6.756e-04 5.957e-05 7.455e-04 6.839e-06 3.715e-04 4.939e-06 7.480e-05 3.856e-06 6.410e-05 4.138e-08 3.192e-06 3.811e-07 1.862e-05 1.361e-05 1.291e-03 3.584e-06 7.631e-05 
0.8402122  0.44050  4.535e+06  2.527e+00  1.561e+15  0.99897  0.72923  0.25605  9.731e-05 2.597e-03 3.146e-05 7.684e-04 1.888e-06 6.360e-03 2.568e-06 1.538e-05 1.399e-03 3.511e-05 6.754e-04 5.956e-05 7.454e-04 6.837e-06 3.715e-04 4.938e-06 7.478e-05 3.855e-06 6.409e-05 4.137e-08 3.191e-06 3.810e-07 1.861e-05 1.361e-05 1.291e-03 3.583e-06 7.629e-05 
0.8453560  0.44550  4.478e+06  2.394e+00  1.460e+15  0.99897  0.72937  0.25593  8.964e-05 2.596e-03 3.145e-05 7.682e-04 1.887e-06 6.358e-03 2.567e-06 1.537e-05 1.398e-03 3.510e-05 6.753e-04 5.955e-05 7.452e-04 6.836e-06 3.714e-04 4.937e-06 7.477e-05 3.854e-06 6.408e-05 4.136e-08 3.190e-06 3.810e-07 1.861e-05 1.360e-05 1.291e-03 3.582e-06 7.628e-05 
0.8503298  0.45050  4.422e+06  2.268e+00  1.366e+15  0.99897  0.72950  0.25580  8.299e-05 2.595e-03 3.143e-05 7.679e-04 1.887e-06 6.356e-03 2.566e-06 1.537e-05 1.398e-03 3.509e-05 6.751e-04 5.953e-05 7.450e-04 6.834e-06 3.713e-04 4.936e-06 7.475e-05 3.853e-06 6.406e-05 4.135e-08 3.190e-06 3.809e-07 1.861e-05 1.360e-05 1.290e-03 3.581e-06 7.626e-05 
0.8551530  0.45550  4.366e+06  2.149e+00  1.278e+15  0.99897  0.72963  0.25569  7.712e-05 2.594e-03 3.142e-05 7.676e-04 1.886e-06 6.354e-03 2.565e-06 1.536e-05 1.397e-03 3.509e-05 6.750e-04 5.952e-05 7.449e-04 6.833e-06 3.712e-04 4.935e-06 7.474e-05 3.853e-06 6.405e-05 4.134e-08 3.189e-06 3.808e-07 1.860e-05 1.360e-05 1.290e-03 3.581e-06 7.624e-05 
0.8598247  0.46050  4.312e+06  2.037e+00  1.197e+15  0.99897  0.72975  0.25557  7.199e-05 2.593e-03 3.141e-05 7.674e-04 1.886e-06 6.352e-03 2.564e-06 1.536e-05 1.397e-03 3.508e-05 6.749e-04 5.951e-05 7.448e-04 6.832e-06 3.712e-04 4.934e-06 7.472e-05 3.852e-06 6.404e-05 4.134e-08 3.188e-06 3.807e-07 1.860e-05 1.360e-05 1.290e-03 3.580e-06 7.623e-05 
0.8643614  0.46550  4.258e+06  1.932e+00  1.121e+15  0.99897  0.72987  0.25546  6.744e-05 2.592e-03 3.140e-05 7.672e-04 1.885e-06 6.350e-03 2.563e-06 1.535e-05 1.396e-03 3.508e-05 6.748e-04 5.950e-05 7.446e-04 6.831e-06 3.711e-04 4.933e-06 7.471e-05 3.851e-06 6.403e-05 4.133e-08 3.188e-06 3.807e-07 1.860e-05 1.359e-05 1.290e-03 3.579e-06 7.622e-05 
0.8687530  0.47050  4.205e+06  1.832e+00  1.050e+15  0.99896  0.73000  0.25534  6.347e-05 2.591e-03 3.139e-05 7.669e-04 1.884e-06 6.348e-03 2.562e-06 1.534e-05 1.396e-03 3.507e-05 6.746e-04 5.949e-05 7.445e-04 6.829e-06 3.710e-04 4.932e-06 7.469e-05 3.850e-06 6.401e-05 4.132e-08 3.187e-06 3.806e-07 1.859e-05 1.359e-05 1.289e-03 3.579e-06 7.620e-05 
0.8730046  0.47550  4.154e+06  1.737e+00  9.836e+14  0.99896  0.73013  0.25522  6.000e-05 2.590e-03 3.138e-05 7.666e-04 1.883e-06 6.346e-03 2.562e-06 1.534e-05 1.395e-03 3.506e-05 6.745e-04 5.948e-05 7.443e-04 6.828e-06 3.709e-04 4.931e-06 7.468e-05 3.850e-06 6.400e-05 4.131e-08 3.186e-06 3.805e-07 1.859e-05 1.359e-05 1.289e-03 3.578e-06 7.618e-05 
0.8771234  0.48050  4.103e+06  1.648e+00  9.218e+14  0.99896  0.73025  0.25510  5.695e-05 2.590e-03 3.137e-05 7.664e-04 1.883e-06 6.344e-03 2.561e-06 1.533e-05 1.395e-03 3.506e-05 6.744e-04 5.947e-05 7.442e-04 6.827e-06 3.709e-04 4.930e-06 7.467e-05 3.849e-06 6.399e-05 4.130e-08 3.186e-06 3.804e-07 1.859e-05 1.359e-05 1.289e-03 3.577e-06 7.617e-05 
0.8811043  0.48550  4.052e+06  1.564e+00  8.641e+14  0.99896  0.73037  0.25499  5.430e-05 2.589e-03 3.136e-05 7.662e-04 1.882e-06 6.342e-03 2.560e-06 1.533e-05 1.395e-03 3.505e-05 6.743e-04 5.946e-05 7.441e-04 6.825e-06 3.708e-04 4.929e-06 7.465e-05 3.848e-06 6.398e-05 4.130e-08 3.185e-06 3.804e-07 1.858e-05 1.358e-05 1.289e-03 3.577e-06 7.616e-05 
0.8849795  0.49050  4.003e+06  1.485e+00  8.102e+14  0.99896  0.73049  0.25488  5.194e-05 2.588e-03 3.135e-05 7.660e-04 1.882e-06 6.340e-03 2.559e-06 1.532e-05 1.394e-03 3.504e-05 6.742e-04 5.945e-05 7.440e-04 6.824e-06 3.708e-04 4.929e-06 7.464e-05 3.848e-06 6.397e-05 4.129e-08 3.185e-06 3.803e-07 1.858e-05 1.358e-05 1.288e-03 3.576e-06 7.615e-05 
0.8887096  0.49550  3.954e+06  1.409e+00  7.598e+14  0.99896  0.73061  0.25476  4.991e-05 2.587e-03 3.134e-05 7.657e-04 1.881e-06 6.339e-03 2.559e-06 1.532e-05 1.394e-03 3.504e-05 6.740e-04 5.944e-05 7.438e-04 6.823e-06 3.707e-04 4.928e-06 7.463e-05 3.847e-06 6.396e-05 4.128e-08 3.184e-06 3.802e-07 1.858e-05 1.358e-05 1.288e-03 3.576e-06 7.613e-05 
0.8923476  0.50050  3.906e+06  1.338e+00  7.128e+14  0.99896  0.73073  0.25465  4.809e-05 2.587e-03 3.133e-05 7.655e-04 1.881e-06 6.337e-03 2.558e-06 1.532e-05 1.394e-03 3.503e-05 6.739e-04 5.943e-05 7.437e-04 6.822e-06 3.706e-04 4.927e-06 7.461e-05 3.847e-06 6.395e-05 4.128e-08 3.184e-06 3.802e-07 1.857e-05 1.358e-05 1.288e-03 3.575e-06 7.612e-05 
0.8958661  0.50550  3.858e+06  1.271e+00  6.688e+14  0.99895  0.73085  0.25453  4.650e-05 2.586e-03 3.132e-05 7.653e-04 1.880e-06 6.335e-03 2.557e-06 1.531e-05 1.393e-03 3.502e-05 6.738e-04 5.942e-05 7.436e-04 6.821e-06 3.706e-04 4.926e-06 7.460e-05 3.846e-06 6.393e-05 4.127e-08 3.183e-06 3.801e-07 1.857e-05 1.357e-05 1.288e-03 3.574e-06 7.610e-05 
0.8992630  0.51050  3.812e+06  1.207e+00  6.277e+14  0.99895  0.73098  0.25441  4.512e-05 2.585e-03 3.131e-05 7.651e-04 1.879e-06 6.333e-03 2.556e-06 1.531e-05 1.393e-03 3.502e-05 6.737e-04 5.941e-05 7.435e-04 6.820e-06 3.705e-04 4.925e-06 7.459e-05 3.845e-06 6.393e-05 4.126e-08 3.183e-06 3.801e-07 1.857e-05 1.357e-05 1.288e-03 3.574e-06 7.609e-05 
0.9025674  0.51550  3.766e+06  1.147e+00  5.893e+14  0.99895  0.73110  0.25430  4.390e-05 2.584e-03 3.130e-05 7.648e-04 1.879e-06 6.331e-03 2.555e-06 1.530e-05 1.392e-03 3.501e-05 6.736e-04 5.940e-05 7.433e-04 6.819e-06 3.704e-04 4.924e-06 7.458e-05 3.845e-06 6.391e-05 4.126e-08 3.182e-06 3.800e-07 1.856e-05 1.357e-05 1.287e-03 3.573e-06 7.608e-05 
0.9057662  0.52050  3.720e+06  1.090e+00  5.534e+14  0.99895  0.73122  0.25418  4.282e-05 2.583e-03 3.128e-05 7.646e-04 1.878e-06 6.329e-03 2.555e-06 1.530e-05 1.392e-03 3.501e-05 6.735e-04 5.939e-05 7.432e-04 6.817e-06 3.704e-04 4.923e-06 7.456e-05 3.844e-06 6.390e-05 4.125e-08 3.182e-06 3.799e-07 1.856e-05 1.357e-05 1.287e-03 3.573e-06 7.607e-05 
0.9088640  0.52550  3.675e+06  1.036e+00  5.197e+14  0.99895  0.73134  0.25406  4.188e-05 2.582e-03 3.127e-05 7.644e-04 1.878e-06 6.328e-03 2.554e-06 1.529e-05 1.392e-03 3.500e-05 6.734e-04 5.938e-05 7.431e-04 6.816e-06 3.703e-04 4.923e-06 7.455e-05 3.843e-06 6.389e-05 4.124e-08 3.181e-06 3.799e-07 1.856e-05 1.356e-05 1.287e-03 3.572e-06 7.606e-05 
0.9118656  0.53050  3.631e+06  9.855e-01  4.882e+14  0.99895  0.73146  0.25394  4.106e-05 2.582e-03 3.126e-05 7.641e-04 1.877e-06 6.326e-03 2.553e-06 1.529e-05 1.391e-03 3.500e-05 6.732e-04 5.937e-05 7.430e-04 6.815e-06 3.703e-04 4.922e-06 7.454e-05 3.843e-06 6.388e-05 4.123e-08 3.181e-06 3.798e-07 1.855e-05 1.356e-05 1.287e-03 3.571e-06 7.604e-05 
0.9147719  0.53550  3.587e+06  9.372e-01  4.588e+14  0.99895  0.73158  0.25383  4.034e-05 2.581e-03 3.125e-05 7.640e-04 1.876e-06 6.324e-03 2.552e-06 1.528e-05 1.391e-03 3.499e-05 6.732e-04 5.936e-05 7.429e-04 6.814e-06 3.702e-04 4.921e-06 7.453e-05 3.842e-06 6.388e-05 4.123e-08 3.180e-06 3.798e-07 1.855e-05 1.356e-05 1.286e-03 3.571e-06 7.603e-05 
0.9175922  0.54050  3.544e+06  8.915e-01  4.312e+14  0.99894  0.73170  0.25371  3.970e-05 2.580e-03 3.124e-05 7.637e-04 1.876e-06 6.323e-03 2.552e-06 1.528e-05 1.391e-03 3.499e-05 6.731e-04 5.935e-05 7.428e-04 6.813e-06 3.702e-04 4.921e-06 7.452e-05 3.842e-06 6.387e-05 4.122e-08 3.180e-06 3.797e-07 1.855e-05 1.356e-05 1.286e-03 3.570e-06 7.602e-05 
0.9203239  0.54550  3.501e+06  8.482e-01  4.053e+14  0.99894  0.73183  0.25359  3.914e-05 2.579e-03 3.123e-05 7.635e-04 1.875e-06 6.321e-03 2.551e-06 1.527e-05 1.390e-03 3.498e-05 6.729e-04 5.934e-05 7.426e-04 6.812e-06 3.701e-04 4.920e-06 7.451e-05 3.841e-06 6.385e-05 4.122e-08 3.179e-06 3.796e-07 1.855e-05 1.356e-05 1.286e-03 3.570e-06 7.601e-05 
0.9229708  0.55050  3.458e+06  8.072e-01  3.811e+14  0.99894  0.73194  0.25348  3.865e-05 2.579e-03 3.123e-05 7.633e-04 1.875e-06 6.320e-03 2.550e-06 1.527e-05 1.390e-03 3.498e-05 6.729e-04 5.934e-05 7.426e-04 6.811e-06 3.701e-04 4.919e-06 7.450e-05 3.841e-06 6.385e-05 4.121e-08 3.179e-06 3.796e-07 1.854e-05 1.356e-05 1.286e-03 3.569e-06 7.600e-05 
0.9255333  0.55550  3.417e+06  7.683e-01  3.584e+14  0.99894  0.73206  0.25336  3.823e-05 2.578e-03 3.122e-05 7.631e-04 1.874e-06 6.318e-03 2.550e-06 1.526e-05 1.390e-03 3.497e-05 6.728e-04 5.933e-05 7.425e-04 6.810e-06 3.700e-04 4.918e-06 7.449e-05 3.840e-06 6.384e-05 4.121e-08 3.178e-06 3.795e-07 1.854e-05 1.355e-05 1.286e-03 3.569e-06 7.599e-05 
0.9280171  0.56050  3.375e+06  7.315e-01  3.371e+14  0.99894  0.73218  0.25325  3.785e-05 2.577e-03 3.121e-05 7.630e-04 1.874e-06 6.317e-03 2.549e-06 1.526e-05 1.389e-03 3.497e-05 6.727e-04 5.932e-05 7.424e-04 6.810e-06 3.700e-04 4.918e-06 7.448e-05 3.840e-06 6.383e-05 4.120e-08 3.178e-06 3.795e-07 1.854e-05 1.355e-05 1.286e-03 3.569e-06 7.598e-05 
0.9304262  0.56550  3.334e+06  6.966e-01  3.172e+14  0.99894  0.73230  0.25313  3.752e-05 2.577e-03 3.120e-05 7.628e-04 1.873e-06 6.315e-03 2.548e-06 1.526e-05 1.389e-03 3.496e-05 6.726e-04 5.931e-05 7.423e-04 6.809e-06 3.699e-04 4.917e-06 7.447e-05 3.839e-06 6.383e-05 4.120e-08 3.178e-06 3.795e-07 1.854e-05 1.355e-05 1.285e-03 3.568e-06 7.598e-05 
0.9327691  0.57050  3.293e+06  6.635e-01  2.984e+14  0.99894  0.73242  0.25302  3.722e-05 2.576e-03 3.119e-05 7.626e-04 1.873e-06 6.314e-03 2.548e-06 1.525e-05 1.389e-03 3.496e-05 6.726e-04 5.931e-05 7.422e-04 6.808e-06 3.699e-04 4.917e-06 7.446e-05 3.839e-06 6.382e-05 4.119e-08 3.177e-06 3.794e-07 1.854e-05 1.355e-05 1.285e-03 3.568e-06 7.597e-05 
0.9350319  0.57550  3.253e+06  6.321e-01  2.809e+14  0.99894  0.73253  0.25291  3.697e-05 2.576e-03 3.118e-05 7.625e-04 1.872e-06 6.313e-03 2.547e-06 1.525e-05 1.389e-03 3.496e-05 6.725e-04 5.930e-05 7.422e-04 6.808e-06 3.699e-04 4.917e-06 7.446e-05 3.839e-06 6.381e-05 4.119e-08 3.177e-06 3.794e-07 1.853e-05 1.355e-05 1.285e-03 3.568e-06 7.596e-05 
0.9372282  0.58050  3.213e+06  6.023e-01  2.644e+14  0.99894  0.73265  0.25280  3.675e-05 2.575e-03 3.117e-05 7.623e-04 1.872e-06 6.312e-03 2.547e-06 1.525e-05 1.388e-03 3.496e-05 6.725e-04 5.930e-05 7.421e-04 6.807e-06 3.698e-04 4.916e-06 7.445e-05 3.838e-06 6.381e-05 4.119e-08 3.177e-06 3.794e-07 1.853e-05 1.355e-05 1.285e-03 3.567e-06 7.596e-05 
0.9393529  0.58550  3.174e+06  5.741e-01  2.489e+14  0.99893  0.73276  0.25269  3.655e-05 2.575e-03 3.117e-05 7.622e-04 1.872e-06 6.311e-03 2.546e-06 1.524e-05 1.388e-03 3.495e-05 6.724e-04 5.930e-05 7.421e-04 6.807e-06 3.698e-04 4.916e-06 7.445e-05 3.838e-06 6.381e-05 4.119e-08 3.177e-06 3.793e-07 1.853e-05 1.355e-05 1.285e-03 3.567e-06 7.595e-05 
0.9414205  0.59050  3.134e+06  5.473e-01  2.344e+14  0.99893  0.73287  0.25258  3.638e-05 2.574e-03 3.116e-05 7.621e-04 1.871e-06 6.310e-03 2.546e-06 1.524e-05 1.388e-03 3.495e-05 6.724e-04 5.929e-05 7.420e-04 6.807e-06 3.698e-04 4.916e-06 7.445e-05 3.838e-06 6.380e-05 4.118e-08 3.177e-06 3.793e-07 1.853e-05 1.355e-05 1.285e-03 3.567e-06 7.595e-05 
0.9434216  0.59550  3.095e+06  5.218e-01  2.207e+14  0.99893  0.73297  0.25247  3.622e-05 2.574e-03 3.116e-05 7.620e-04 1.871e-06 6.309e-03 2.546e-06 1.524e-05 1.388e-03 3.495e-05 6.724e-04 5.929e-05 7.420e-04 6.807e-06 3.698e-04 4.916e-06 7.445e-05 3.838e-06 6.380e-05 4.118e-08 3.177e-06 3.793e-07 1.853e-05 1.355e-05 1.285e-03 3.567e-06 7.595e-05 
0.9453591  0.60050  3.056e+06  4.977e-01  2.079e+14  0.99893  0.73307  0.25238  3.609e-05 2.574e-03 3.115e-05 7.619e-04 1.871e-06 6.309e-03 2.546e-06 1.524e-05 1.388e-03 3.495e-05 6.724e-04 5.930e-05 7.421e-04 6.807e-06 3.698e-04 4.916e-06 7.445e-05 3.838e-06 6.381e-05 4.119e-08 3.177e-06 3.793e-07 1.853e-05 1.355e-05 1.285e-03 3.567e-06 7.595e-05 
0.9472469  0.60550  3.018e+06  4.747e-01  1.958e+14  0.99893  0.73316  0.25228  3.598e-05 2.573e-03 3.115e-05 7.619e-04 1.871e-06 6.309e-03 2.546e-06 1.524e-05 1.388e-03 3.496e-05 6.725e-04 5.930e-05 7.421e-04 6.807e-06 3.698e-04 4.916e-06 7.445e-05 3.838e-06 6.381e-05 4.119e-08 3.177e-06 3.794e-07 1.853e-05 1.355e-05 1.285e-03 3.567e-06 7.596e-05 
0.9490679  0.61050  2.979e+06  4.530e-01  1.845e+14  0.99893  0.73325  0.25220  3.588e-05 2.573e-03 3.115e-05 7.619e-04 1.871e-06 6.309e-03 2.546e-06 1.524e-05 1.388e-03 3.496e-05 6.725e-04 5.931e-05 7.422e-04 6.808e-06 3.699e-04 4.917e-06 7.446e-05 3.839e-06 6.382e-05 4.119e-08 3.177e-06 3.794e-07 1.853e-05 1.355e-05 1.285e-03 3.568e-06 7.596e-05 
0.9508436  0.61550  2.941e+06  4.323e-01  1.738e+14  0.99893  0.73333  0.25211  3.579e-05 2.573e-03 3.115e-05 7.620e-04 1.871e-06 6.310e-03 2.546e-06 1.524e-05 1.388e-03 3.496e-05 6.726e-04 5.931e-05 7.423e-04 6.809e-06 3.699e-04 4.917e-06 7.447e-05 3.839e-06 6.382e-05 4.120e-08 3.178e-06 3.794e-07 1.854e-05 1.355e-05 1.285e-03 3.568e-06 7.597e-05 
0.9525606  0.62050  2.903e+06  4.126e-01  1.637e+14  0.99893  0.73340  0.25204  3.571e-05 2.574e-03 3.115e-05 7.621e-04 1.871e-06 6.311e-03 2.546e-06 1.524e-05 1.389e-03 3.497e-05 6.728e-04 5.932e-05 7.424e-04 6.810e-06 3.700e-04 4.918e-06 7.448e-05 3.840e-06 6.384e-05 4.120e-08 3.178e-06 3.795e-07 1.854e-05 1.355e-05 1.286e-03 3.569e-06 7.599e-05 
0.9542264  0.62550  2.865e+06  3.940e-01  1.543e+14  0.99893  0.73347  0.25197  3.565e-05 2.574e-03 3.116e-05 7.622e-04 1.872e-06 6.312e-03 2.547e-06 1.524e-05 1.389e-03 3.498e-05 6.729e-04 5.934e-05 7.426e-04 6.812e-06 3.701e-04 4.920e-06 7.450e-05 3.841e-06 6.385e-05 4.122e-08 3.179e-06 3.796e-07 1.855e-05 1.356e-05 1.286e-03 3.570e-06 7.601e-05 
0.9558430  0.63050  2.827e+06  3.762e-01  1.454e+14  0.99893  0.73353  0.25191  3.559e-05 2.575e-03 3.116e-05 7.625e-04 1.872e-06 6.314e-03 2.548e-06 1.525e-05 1.390e-03 3.499e-05 6.731e-04 5.936e-05 7.428e-04 6.814e-06 3.702e-04 4.921e-06 7.453e-05 3.842e-06 6.387e-05 4.123e-08 3.180e-06 3.797e-07 1.855e-05 1.356e-05 1.286e-03 3.571e-06 7.603e-05 
0.9574130  0.63550  2.789e+06  3.594e-01  1.370e+14  0.99893  0.73359  0.25184  3.554e-05 2.576e-03 3.117e-05 7.628e-04 1.873e-06 6.317e-03 2.549e-06 1.525e-05 1.390e-03 3.500e-05 6.734e-04 5.938e-05 7.431e-04 6.817e-06 3.703e-04 4.923e-06 7.456e-05 3.844e-06 6.390e-05 4.124e-08 3.181e-06 3.799e-07 1.856e-05 1.357e-05 1.287e-03 3.572e-06 7.606e-05 
0.9589370  0.64050  2.751e+06  3.434e-01  1.291e+14  0.99893  0.73365  0.25177  3.550e-05 2.577e-03 3.119e-05 7.632e-04 1.874e-06 6.321e-03 2.550e-06 1.526e-05 1.391e-03 3.502e-05 6.738e-04 5.941e-05 7.435e-04 6.820e-06 3.706e-04 4.926e-06 7.460e-05 3.846e-06 6.393e-05 4.127e-08 3.183e-06 3.801e-07 1.857e-05 1.357e-05 1.288e-03 3.574e-06 7.610e-05 
0.9604141  0.64550  2.713e+06  3.281e-01  1.217e+14  0.99892  0.73375  0.25166  3.546e-05 2.579e-03 3.121e-05 7.638e-04 1.875e-06 6.326e-03 2.552e-06 1.528e-05 1.392e-03 3.505e-05 6.742e-04 5.946e-05 7.441e-04 6.825e-06 3.708e-04 4.929e-06 7.465e-05 3.848e-06 6.398e-05 4.130e-08 3.185e-06 3.804e-07 1.858e-05 1.358e-05 1.289e-03 3.577e-06 7.616e-05 
0.9618483  0.65050  2.675e+06  3.136e-01  1.147e+14  0.99892  0.73388  0.25151  3.542e-05 2.581e-03 3.124e-05 7.646e-04 1.877e-06 6.333e-03 2.555e-06 1.529e-05 1.394e-03 3.508e-05 6.748e-04 5.951e-05 7.447e-04 6.831e-06 3.711e-04 4.934e-06 7.472e-05 3.852e-06 6.403e-05 4.133e-08 3.188e-06 3.807e-07 1.860e-05 1.359e-05 1.290e-03 3.580e-06 7.622e-05 
0.9632415  0.65550  2.636e+06  2.998e-01  1.081e+14  0.99892  0.73409  0.25129  3.538e-05 2.584e-03 3.127e-05 7.655e-04 1.879e-06 6.341e-03 2.558e-06 1.531e-05 1.396e-03 3.512e-05 6.756e-04 5.957e-05 7.455e-04 6.839e-06 3.715e-04 4.939e-06 7.480e-05 3.856e-06 6.410e-05 4.138e-08 3.192e-06 3.811e-07 1.862e-05 1.361e-05 1.291e-03 3.584e-06 7.631e-05 
0.9645934  0.66050  2.598e+06  2.867e-01  1.019e+14  0.99892  0.73441  0.25095  3.534e-05 2.588e-03 3.132e-05 7.666e-04 1.882e-06 6.351e-03 2.562e-06 1.533e-05 1.398e-03 3.516e-05 6.765e-04 5.965e-05 7.465e-04 6.848e-06 3.720e-04 4.945e-06 7.490e-05 3.861e-06 6.419e-05 4.143e-08 3.196e-06 3.816e-07 1.864e-05 1.363e-05 1.293e-03 3.588e-06 7.641e-05 
0.9659060  0.66550  2.559e+06  2.742e-01  9.601e+13  0.99892  0.73487  0.25046  3.528e-05 2.592e-03 3.136e-05 7.679e-04 1.885e-06 6.363e-03 2.567e-06 1.536e-05 1.401e-03 3.522e-05 6.776e-04 5.975e-05 7.477e-04 6.859e-06 3.726e-04 4.954e-06 7.502e-05 3.867e-06 6.429e-05 4.150e-08 3.201e-06 3.822e-07 1.867e-05 1.365e-05 1.295e-03 3.594e-06 7.653e-05 
0.9671804  0.67050  2.520e+06  2.623e-01  9.047e+13  0.99892  0.73552  0.24978  3.521e-05 2.594e-03 3.138e-05 7.689e-04 1.888e-06 6.373e-03 2.571e-06 1.538e-05 1.404e-03 3.528e-05 6.788e-04 5.986e-05 7.491e-04 6.871e-06 3.733e-04 4.963e-06 7.515e-05 3.874e-06 6.441e-05 4.158e-08 3.207e-06 3.829e-07 1.871e-05 1.367e-05 1.297e-03 3.601e-06 7.667e-05 
0.9684176  0.67550  2.480e+06  2.509e-01  8.525e+13  0.99892  0.73641  0.24889  3.511e-05 2.592e-03 3.135e-05 7.687e-04 1.886e-06 6.374e-03 2.571e-06 1.538e-05 1.405e-03 3.533e-05 6.797e-04 5.994e-05 7.501e-04 6.881e-06 3.738e-04 4.969e-06 7.525e-05 3.880e-06 6.450e-05 4.163e-08 3.211e-06 3.834e-07 1.873e-05 1.369e-05 1.299e-03 3.606e-06 7.677e-05 
0.9696194  0.68050  2.439e+06  2.401e-01  8.031e+13  0.99892  0.73755  0.24779  3.500e-05 2.582e-03 3.122e-05 7.662e-04 1.879e-06 6.355e-03 2.562e-06 1.532e-05 1.401e-03 3.530e-05 6.791e-04 5.988e-05 7.494e-04 6.874e-06 3.735e-04 4.964e-06 7.518e-05 3.876e-06 6.444e-05 4.159e-08 3.208e-06 3.831e-07 1.871e-05 1.368e-05 1.298e-03 3.602e-06 7.670e-05 
0.9707862  0.68550  2.398e+06  2.298e-01  7.565e+13  0.99892  0.73894  0.24650  3.487e-05 2.566e-03 3.100e-05 7.611e-04 1.866e-06 6.312e-03 2.544e-06 1.521e-05 1.392e-03 3.512e-05 6.757e-04 5.958e-05 7.457e-04 6.840e-06 3.716e-04 4.940e-06 7.481e-05 3.857e-06 6.411e-05 4.138e-08 3.192e-06 3.812e-07 1.862e-05 1.361e-05 1.291e-03 3.584e-06 7.632e-05 
0.9719197  0.69050  2.357e+06  2.200e-01  7.125e+13  0.99892  0.74054  0.24502  3.471e-05 2.544e-03 3.073e-05 7.545e-04 1.849e-06 6.256e-03 2.520e-06 1.506e-05 1.379e-03 3.487e-05 6.708e-04 5.915e-05 7.402e-04 6.790e-06 3.689e-04 4.904e-06 7.426e-05 3.828e-06 6.365e-05 4.108e-08 3.169e-06 3.784e-07 1.849e-05 1.351e-05 1.282e-03 3.558e-06 7.576e-05 
0.9730207  0.69550  2.315e+06  2.107e-01  6.709e+13  0.99892  0.74232  0.24337  3.453e-05 2.520e-03 3.043e-05 7.472e-04 1.831e-06 6.194e-03 2.495e-06 1.491e-05 1.365e-03 3.461e-05 6.658e-04 5.871e-05 7.348e-04 6.740e-06 3.662e-04 4.868e-06 7.372e-05 3.800e-06 6.318e-05 4.078e-08 3.145e-06 3.756e-07 1.835e-05 1.341e-05 1.272e-03 3.532e-06 7.520e-05 
0.9740904  0.70050  2.272e+06  2.018e-01  6.316e+13  0.99892  0.74427  0.24156  3.433e-05 2.495e-03 3.011e-05 7.395e-04 1.812e-06 6.129e-03 2.469e-06 1.475e-05 1.350e-03 3.435e-05 6.608e-04 5.827e-05 7.293e-04 6.690e-06 3.634e-04 4.831e-06 7.317e-05 3.772e-06 6.271e-05 4.048e-08 3.122e-06 3.728e-07 1.821e-05 1.331e-05 1.263e-03 3.506e-06 7.464e-05 
0.9751299  0.70550  2.228e+06  1.934e-01  5.944e+13  0.99892  0.74639  0.23958  3.410e-05 2.468e-03 2.979e-05 7.316e-04 1.792e-06 6.063e-03 2.442e-06 1.459e-05 1.335e-03 3.409e-05 6.558e-04 5.783e-05 7.237e-04 6.639e-06 3.607e-04 4.794e-06 7.261e-05 3.743e-06 6.223e-05 4.017e-08 3.098e-06 3.700e-07 1.807e-05 1.321e-05 1.253e-03 3.479e-06 7.407e-05 
0.9761406  0.71050  2.183e+06  1.854e-01  5.593e+13  0.99892  0.74867  0.23745  3.385e-05 2.441e-03 2.945e-05 7.233e-04 1.772e-06 5.994e-03 2.413e-06 1.442e-05 1.320e-03 3.381e-05 6.505e-04 5.736e-05 7.178e-04 6.584e-06 3.577e-04 4.755e-06 7.202e-05 3.713e-06 6.172e-05 3.984e-08 3.073e-06 3.669e-07 1.793e-05 1.310e-05 1.243e-03 3.450e-06 7.347e-05 
0.9771237  0.71550  2.136e+06  1.779e-01  5.260e+13  0.99892  0.75112  0.23515  3.357e-05 2.411e-03 2.909e-05 7.145e-04 1.750e-06 5.920e-03 2.384e-06 1.424e-05 1.304e-03 3.352e-05 6.448e-04 5.686e-05 7.116e-04 6.527e-06 3.546e-04 4.714e-06 7.139e-05 3.680e-06 6.118e-05 3.949e-08 3.046e-06 3.638e-07 1.777e-05 1.299e-05 1.232e-03 3.420e-06 7.283e-05 
0.9780807  0.72050  2.087e+06  1.708e-01  4.945e+13  0.99892  0.75375  0.23270  3.326e-05 2.379e-03 2.870e-05 7.049e-04 1.726e-06 5.840e-03 2.351e-06 1.404e-05 1.285e-03 3.319e-05 6.385e-04 5.631e-05 7.047e-04 6.464e-06 3.512e-04 4.668e-06 7.070e-05 3.645e-06 6.059e-05 3.911e-08 3.017e-06 3.602e-07 1.760e-05 1.286e-05 1.220e-03 3.387e-06 7.212e-05 
0.9790132  0.72550  2.036e+06  1.644e-01  4.646e+13  0.99892  0.75488  0.23164  3.313e-05 2.366e-03 2.854e-05 7.009e-04 1.716e-06 5.806e-03 2.337e-06 1.396e-05 1.278e-03 3.306e-05 6.360e-04 5.609e-05 7.019e-04 6.438e-06 3.498e-04 4.650e-06 7.042e-05 3.630e-06 6.035e-05 3.895e-08 3.005e-06 3.588e-07 1.753e-05 1.281e-05 1.216e-03 3.374e-06 7.184e-05 
0.9799236  0.73050  1.986e+06  1.583e-01  4.361e+13  0.99892  0.75488  0.23164  3.313e-05 2.366e-03 2.854e-05 7.009e-04 1.716e-06 5.806e-03 2.337e-06 1.396e-05 1.278e-03 3.306e-05 6.360e-04 5.609e-05 7.019e-04 6.438e-06 3.498e-04 4.650e-06 7.042e-05 3.630e-06 6.035e-05 3.895e-08 3.005e-06 3.588e-07 1.753e-05 1.281e-05 1.216e-03 3.374e-06 7.184e-05 
0.9808119  0.73550  1.936e+06  1.523e-01  4.091e+13  0.99891  0.75488  0.23164  3.313e-05 2.366e-03 2.854e-05 7.009e-04 1.716e-06 5.806e-03 2.337e-06 1.396e-05 1.278e-03 3.306e-05 6.360e-04 5.609e-05 7.019e-04 6.438e-06 3.498e-04 4.650e-06 7.042e-05 3.630e-06 6.035e-05 3.895e-08 3.005e-06 3.588e-07 1.753e-05 1.281e-05 1.216e-03 3.374e-06 7.184e-05 
0.9816783  0.74050  1.887e+06  1.465e-01  3.834e+13  0.99891  0.75488  0.23164  3.313e-05 2.366e-03 2.854e-05 7.009e-04 1.716e-06 5.806e-03 2.337e-06 1.396e-05 1.278e-03 3.306e-05 6.360e-04 5.609e-05 7.019e-04 6.438e-06 3.498e-04 4.650e-06 7.042e-05 3.630e-06 6.035e-05 3.895e-08 3.005e-06 3.588e-07 1.753e-05 1.281e-05 1.216e-03 3.374e-06 7.184e-05 
0.9825227  0.74550  1.839e+06  1.408e-01  3.591e+13  0.99891  0.75488  0.23164  3.313e-05 2.366e-03 2.854e-05 7.009e-04 1.716e-06 5.806e-03 2.337e-06 1.396e-05 1.278e-03 3.306e-05 6.360e-04 5.609e-05 7.019e-04 6.438e-06 3.498e-04 4.650e-06 7.042e-05 3.630e-06 6.035e-05 3.895e-08 3.005e-06 3.588e-07 1.753e-05 1.281e-05 1.216e-03 3.374e-06 7.184e-05 
0.9833450  0.75050  1.791e+06  1.353e-01  3.359e+13  0.99891  0.75488  0.23164  3.313e-05 2.366e-03 2.854e-05 7.009e-04 1.716e-06 5.806e-03 2.337e-06 1.396e-05 1.278e-03 3.306e-05 6.360e-04 5.609e-05 7.019e-04 6.438e-06 3.498e-04 4.650e-06 7.042e-05 3.630e-06 6.035e-05 3.895e-08 3.005e-06 3.588e-07 1.753e-05 1.281e-05 1.216e-03 3.374e-06 7.184e-05 
0.9841456  0.75550  1.743e+06  1.299e-01  3.140e+13  0.99891  0.75488  0.23164  3.313e-05 2.366e-03 2.854e-05 7.009e-04 1.716e-06 5.806e-03 2.337e-06 1.396e-05 1.278e-03 3.306e-05 6.360e-04 5.609e-05 7.019e-04 6.438e-06 3.498e-04 4.650e-06 7.042e-05 3.630e-06 6.035e-05 3.895e-08 3.005e-06 3.588e-07 1.753e-05 1.281e-05 1.216e-03 3.374e-06 7.184e-05 
0.9849245  0.76050  1.697e+06  1.247e-01  2.932e+13  0.99891  0.75488  0.23164  3.313e-05 2.366e-03 2.854e-05 7.009e-04 1.716e-06 5.806e-03 2.337e-06 1.396e-05 1.278e-03 3.306e-05 6.360e-04 5.609e-05 7.019e-04 6.438e-06 3.498e-04 4.650e-06 7.042e-05 3.630e-06 6.035e-05 3.895e-08 3.005e-06 3.588e-07 1.753e-05 1.281e-05 1.216e-03 3.374e-06 7.184e-05 
0.9856816  0.76550  1.650e+06  1.196e-01  2.735e+13  0.99891  0.75488  0.23164  3.313e-05 2.366e-03 2.854e-05 7.009e-04 1.716e-06 5.806e-03 2.337e-06 1.396e-05 1.278e-03 3.306e-05 6.360e-04 5.609e-05 7.019e-04 6.438e-06 3.498e-04 4.650e-06 7.042e-05 3.630e-06 6.035e-05 3.895e-08 3.005e-06 3.588e-07 1.753e-05 1.281e-05 1.216e-03 3.374e-06 7.184e-05 
0.9864168  0.77050  1.605e+06  1.146e-01  2.548e+13  0.99891  0.75488  0.23164  3.313e-05 2.366e-03 2.854e-05 7.009e-04 1.716e-06 5.806e-03 2.337e-06 1.396e-05 1.278e-03 3.306e-05 6.360e-04 5.609e-05 7.019e-04 6.438e-06 3.498e-04 4.650e-06 7.042e-05 3.630e-06 6.035e-05 3.895e-08 3.005e-06 3.588e-07 1.753e-05 1.281e-05 1.216e-03 3.374e-06 7.184e-05 
0.9871305  0.77550  1.560e+06  1.098e-01  2.371e+13  0.99891  0.75488  0.23164  3.313e-05 2.366e-03 2.854e-05 7.009e-04 1.716e-06 5.806e-03 2.337e-06 1.396e-05 1.278e-03 3.306e-05 6.360e-04 5.609e-05 7.019e-04 6.438e-06 3.498e-04 4.650e-06 7.042e-05 3.630e-06 6.035e-05 3.895e-08 3.005e-06 3.588e-07 1.753e-05 1.281e-05 1.216e-03 3.374e-06 7.184e-05 
0.9878229  0.78050  1.515e+06  1.051e-01  2.204e+13  0.99891  0.75488  0.23164  3.313e-05 2.366e-03 2.854e-05 7.009e-04 1.716e-06 5.806e-03 2.337e-06 1.396e-05 1.278e-03 3.306e-05 6.360e-04 5.609e-05 7.019e-04 6.438e-06 3.498e-04 4.650e-06 7.042e-05 3.630e-06 6.035e-05 3.895e-08 3.005e-06 3.588e-07 1.753e-05 1.281e-05 1.216e-03 3.374e-06 7.184e-05 
0.9884935  0.78550  1.471e+06  1.005e-01  2.046e+13  0.99891  0.75488  0.23164  3.313e-05 2.366e-03 2.854e-05 7.009e-04 1.716e-06 5.806e-03 2.337e-06 1.396e-05 1.278e-03 3.306e-05 6.360e-04 5.609e-05 7.019e-04 6.438e-06 3.498e-04 4.650e-06 7.042e-05 3.630e-06 6.035e-05 3.895e-08 3.005e-06 3.588e-07 1.753e-05 1.281e-05 1.216e-03 3.374e-06 7.184e-05 
0.9891432  0.79050  1.428e+06  9.600e-02  1.897e+13  0.99891  0.75488  0.23164  3.313e-05 2.366e-03 2.854e-05 7.009e-04 1.716e-06 5.806e-03 2.337e-06 1.396e-05 1.278e-03 3.306e-05 6.360e-04 5.609e-05 7.019e-04 6.438e-06 3.498e-04 4.650e-06 7.042e-05 3.630e-06 6.035e-05 3.895e-08 3.005e-06 3.588e-07 1.753e-05 1.281e-05 1.216e-03 3.374e-06 7.184e-05 
0.9897712  0.79550  1.385e+06  9.166e-02  1.756e+13  0.99891  0.75488  0.23164  3.313e-05 2.366e-03 2.854e-05 7.009e-04 1.716e-06 5.806e-03 2.337e-06 1.396e-05 1.278e-03 3.306e-05 6.360e-04 5.609e-05 7.019e-04 6.438e-06 3.498e-04 4.650e-06 7.042e-05 3.630e-06 6.035e-05 3.895e-08 3.005e-06 3.588e-07 1.753e-05 1.281e-05 1.216e-03 3.374e-06 7.184e-05 
0.9903784  0.80050  1.342e+06  8.743e-02  1.624e+13  0.99891  0.75488  0.23164  3.313e-05 2.366e-03 2.854e-05 7.009e-04 1.716e-06 5.806e-03 2.337e-06 1.396e-05 1.278e-03 3.306e-05 6.360e-04 5.609e-05 7.019e-04 6.438e-06 3.498e-04 4.650e-06 7.042e-05 3.630e-06 6.035e-05 3.895e-08 3.005e-06 3.588e-07 1.753e-05 1.281e-05 1.216e-03 3.374e-06 7.184e-05 
0.9909647  0.80550  1.300e+06  8.333e-02  1.499e+13  0.99891  0.75488  0.23164  3.313e-05 2.366e-03 2.854e-05 7.009e-04 1.716e-06 5.806e-03 2.337e-06 1.396e-05 1.278e-03 3.306e-05 6.360e-04 5.609e-05 7.019e-04 6.438e-06 3.498e-04 4.650e-06 7.042e-05 3.630e-06 6.035e-05 3.895e-08 3.005e-06 3.588e-07 1.753e-05 1.281e-05 1.216e-03 3.374e-06 7.184e-05 
0.9915299  0.81050  1.259e+06  7.933e-02  1.381e+13  0.99891  0.75488  0.23164  3.313e-05 2.366e-03 2.854e-05 7.009e-04 1.716e-06 5.806e-03 2.337e-06 1.396e-05 1.278e-03 3.306e-05 6.360e-04 5.609e-05 7.019e-04 6.438e-06 3.498e-04 4.650e-06 7.042e-05 3.630e-06 6.035e-05 3.895e-08 3.005e-06 3.588e-07 1.753e-05 1.281e-05 1.216e-03 3.374e-06 7.184e-05 
0.9920746  0.81550  1.218e+06  7.545e-02  1.270e+13  0.99891  0.75488  0.23164  3.313e-05 2.366e-03 2.854e-05 7.009e-04 1.716e-06 5.806e-03 2.337e-06 1.396e-05 1.278e-03 3.306e-05 6.360e-04 5.609e-05 7.019e-04 6.438e-06 3.498e-04 4.650e-06 7.042e-05 3.630e-06 6.035e-05 3.895e-08 3.005e-06 3.588e-07 1.753e-05 1.281e-05 1.216e-03 3.374e-06 7.184e-05 
0.9925981  0.82050  1.177e+06  7.167e-02  1.166e+13  0.99891  0.75488  0.23164  3.313e-05 2.366e-03 2.854e-05 7.009e-04 1.716e-06 5.806e-03 2.337e-06 1.396e-05 1.278e-03 3.306e-05 6.360e-04 5.609e-05 7.019e-04 6.438e-06 3.498e-04 4.650e-06 7.042e-05 3.630e-06 6.035e-05 3.895e-08 3.005e-06 3.588e-07 1.753e-05 1.281e-05 1.216e-03 3.374e-06 7.184e-05 
0.9931022  0.82550  1.137e+06  6.801e-02  1.068e+13  0.99891  0.75488  0.23164  3.313e-05 2.366e-03 2.854e-05 7.009e-04 1.716e-06 5.806e-03 2.337e-06 1.396e-05 1.278e-03 3.306e-05 6.360e-04 5.609e-05 7.019e-04 6.438e-06 3.498e-04 4.650e-06 7.042e-05 3.630e-06 6.035e-05 3.895e-08 3.005e-06 3.588e-07 1.753e-05 1.281e-05 1.216e-03 3.374e-06 7.184e-05 
0.9935857  0.83050  1.098e+06  6.445e-02  9.770e+12  0.99891  0.75488  0.23164  3.313e-05 2.366e-03 2.854e-05 7.009e-04 1.716e-06 5.806e-03 2.337e-06 1.396e-05 1.278e-03 3.306e-05 6.360e-04 5.609e-05 7.019e-04 6.438e-06 3.498e-04 4.650e-06 7.042e-05 3.630e-06 6.035e-05 3.895e-08 3.005e-06 3.588e-07 1.753e-05 1.281e-05 1.216e-03 3.374e-06 7.184e-05 
0.9940490  0.83550  1.059e+06  6.100e-02  8.913e+12  0.99891  0.75488  0.23164  3.313e-05 2.366e-03 2.854e-05 7.009e-04 1.716e-06 5.806e-03 2.337e-06 1.396e-05 1.278e-03 3.306e-05 6.360e-04 5.609e-05 7.019e-04 6.438e-06 3.498e-04 4.650e-06 7.042e-05 3.630e-06 6.035e-05 3.895e-08 3.005e-06 3.588e-07 1.753e-05 1.281e-05 1.216e-03 3.374e-06 7.184e-05 
0.9944922  0.84050  1.020e+06  5.764e-02  8.112e+12  0.99891  0.75488  0.23164  3.313e-05 2.366e-03 2.854e-05 7.009e-04 1.716e-06 5.806e-03 2.337e-06 1.396e-05 1.278e-03 3.306e-05 6.360e-04 5.609e-05 7.019e-04 6.438e-06 3.498e-04 4.650e-06 7.042e-05 3.630e-06 6.035e-05 3.895e-08 3.005e-06 3.588e-07 1.753e-05 1.281e-05 1.216e-03 3.374e-06 7.184e-05 
0.9949161  0.84550  9.815e+05  5.439e-02  7.364e+12  0.99891  0.75488  0.23164  3.313e-05 2.366e-03 2.854e-05 7.009e-04 1.716e-06 5.806e-03 2.337e-06 1.396e-05 1.278e-03 3.306e-05 6.360e-04 5.609e-05 7.019e-04 6.438e-06 3.498e-04 4.650e-06 7.042e-05 3.630e-06 6.035e-05 3.895e-08 3.005e-06 3.588e-07 1.753e-05 1.281e-05 1.216e-03 3.374e-06 7.184e-05 
0.9953206  0.85050  9.437e+05  5.124e-02  6.668e+12  0.99891  0.75488  0.23164  3.313e-05 2.366e-03 2.854e-05 7.009e-04 1.716e-06 5.806e-03 2.337e-06 1.396e-05 1.278e-03 3.306e-05 6.360e-04 5.609e-05 7.019e-04 6.438e-06 3.498e-04 4.650e-06 7.042e-05 3.630e-06 6.035e-05 3.895e-08 3.005e-06 3.588e-07 1.753e-05 1.281e-05 1.216e-03 3.374e-06 7.184e-05 
0.9957059  0.85550  9.062e+05  4.819e-02  6.019e+12  0.99891  0.75488  0.23164  3.313e-05 2.366e-03 2.854e-05 7.009e-04 1.716e-06 5.806e-03 2.337e-06 1.396e-05 1.278e-03 3.306e-05 6.360e-04 5.609e-05 7.019e-04 6.438e-06 3.498e-04 4.650e-06 7.042e-05 3.630e-06 6.035e-05 3.895e-08 3.005e-06 3.588e-07 1.753e-05 1.281e-05 1.216e-03 3.374e-06 7.184e-05 
0.9960721  0.86050  8.692e+05  4.524e-02  5.417e+12  0.99891  0.75488  0.23164  3.313e-05 2.366e-03 2.854e-05 7.009e-04 1.716e-06 5.806e-03 2.337e-06 1.396e-05 1.278e-03 3.306e-05 6.360e-04 5.609e-05 7.019e-04 6.438e-06 3.498e-04 4.650e-06 7.042e-05 3.630e-06 6.035e-05 3.895e-08 3.005e-06 3.588e-07 1.753e-05 1.281e-05 1.216e-03 3.374e-06 7.184e-05 
0.9964192  0.86550  8.325e+05  4.237e-02  4.858e+12  0.99891  0.75488  0.23164  3.313e-05 2.366e-03 2.854e-05 7.009e-04 1.716e-06 5.806e-03 2.337e-06 1.396e-05 1.278e-03 3.306e-05 6.360e-04 5.609e-05 7.019e-04 6.438e-06 3.498e-04 4.650e-06 7.042e-05 3.630e-06 6.035e-05 3.895e-08 3.005e-06 3.588e-07 1.753e-05 1.281e-05 1.216e-03 3.374e-06 7.184e-05 
0.9967482  0.87050  7.963e+05  3.961e-02  4.341e+12  0.99891  0.75488  0.23164  3.313e-05 2.366e-03 2.854e-05 7.009e-04 1.716e-06 5.806e-03 2.337e-06 1.396e-05 1.278e-03 3.306e-05 6.360e-04 5.609e-05 7.019e-04 6.438e-06 3.498e-04 4.650e-06 7.042e-05 3.630e-06 6.035e-05 3.895e-08 3.005e-06 3.588e-07 1.753e-05 1.281e-05 1.216e-03 3.374e-06 7.184e-05 
0.9970587  0.87550  7.605e+05  3.693e-02  3.863e+12  0.99891  0.75488  0.23164  3.313e-05 2.366e-03 2.854e-05 7.009e-04 1.716e-06 5.806e-03 2.337e-06 1.396e-05 1.278e-03 3.306e-05 6.360e-04 5.609e-05 7.019e-04 6.438e-06 3.498e-04 4.650e-06 7.042e-05 3.630e-06 6.035e-05 3.895e-08 3.005e-06 3.588e-07 1.753e-05 1.281e-05 1.216e-03 3.374e-06 7.184e-05 
0.9973512  0.88050  7.250e+05  3.435e-02  3.424e+12  0.99891  0.75488  0.23164  3.313e-05 2.366e-03 2.854e-05 7.009e-04 1.716e-06 5.806e-03 2.337e-06 1.396e-05 1.278e-03 3.306e-05 6.360e-04 5.609e-05 7.019e-04 6.438e-06 3.498e-04 4.650e-06 7.042e-05 3.630e-06 6.035e-05 3.895e-08 3.005e-06 3.588e-07 1.753e-05 1.281e-05 1.216e-03 3.374e-06 7.184e-05 
0.9976260  0.88550  6.899e+05  3.186e-02  3.020e+12  0.99891  0.75488  0.23164  3.313e-05 2.366e-03 2.854e-05 7.009e-04 1.716e-06 5.806e-03 2.337e-06 1.396e-05 1.278e-03 3.306e-05 6.360e-04 5.609e-05 7.019e-04 6.438e-06 3.498e-04 4.650e-06 7.042e-05 3.630e-06 6.035e-05 3.895e-08 3.005e-06 3.588e-07 1.753e-05 1.281e-05 1.216e-03 3.374e-06 7.184e-05 
0.9978833  0.89050  6.552e+05  2.946e-02  2.650e+12  0.99891  0.75488  0.23164  3.313e-05 2.366e-03 2.854e-05 7.009e-04 1.716e-06 5.806e-03 2.337e-06 1.396e-05 1.278e-03 3.306e-05 6.360e-04 5.609e-05 7.019e-04 6.438e-06 3.498e-04 4.650e-06 7.042e-05 3.630e-06 6.035e-05 3.895e-08 3.005e-06 3.588e-07 1.753e-05 1.281e-05 1.216e-03 3.374e-06 7.184e-05 
0.9981236  0.89550  6.209e+05  2.715e-02  2.312e+12  0.99891  0.75488  0.23164  3.313e-05 2.366e-03 2.854e-05 7.009e-04 1.716e-06 5.806e-03 2.337e-06 1.396e-05 1.278e-03 3.306e-05 6.360e-04 5.609e-05 7.019e-04 6.438e-06 3.498e-04 4.650e-06 7.042e-05 3.630e-06 6.035e-05 3.895e-08 3.005e-06 3.588e-07 1.753e-05 1.281e-05 1.216e-03 3.374e-06 7.184e-05 
0.9983471  0.90050  5.869e+05  2.492e-02  2.005e+12  0.99891  0.75488  0.23164  3.313e-05 2.366e-03 2.854e-05 7.009e-04 1.716e-06 5.806e-03 2.337e-06 1.396e-05 1.278e-03 3.306e-05 6.360e-04 5.609e-05 7.019e-04 6.438e-06 3.498e-04 4.650e-06 7.042e-05 3.630e-06 6.035e-05 3.895e-08 3.005e-06 3.588e-07 1.753e-05 1.281e-05 1.216e-03 3.374e-06 7.184e-05 
0.9985543  0.90550  5.533e+05  2.278e-02  1.727e+12  0.99891  0.75488  0.23164  3.313e-05 2.366e-03 2.854e-05 7.009e-04 1.716e-06 5.806e-03 2.337e-06 1.396e-05 1.278e-03 3.306e-05 6.360e-04 5.609e-05 7.019e-04 6.438e-06 3.498e-04 4.650e-06 7.042e-05 3.630e-06 6.035e-05 3.895e-08 3.005e-06 3.588e-07 1.753e-05 1.281e-05 1.216e-03 3.374e-06 7.184e-05 
0.9987452  0.91050  5.200e+05  2.073e-02  1.475e+12  0.99891  0.75488  0.23164  3.313e-05 2.366e-03 2.854e-05 7.009e-04 1.716e-06 5.806e-03 2.337e-06 1.396e-05 1.278e-03 3.306e-05 6.360e-04 5.609e-05 7.019e-04 6.438e-06 3.498e-04 4.650e-06 7.042e-05 3.630e-06 6.035e-05 3.895e-08 3.005e-06 3.588e-07 1.753e-05 1.281e-05 1.216e-03 3.374e-06 7.184e-05 
0.9989204  0.91550  4.871e+05  1.877e-02  1.250e+12  0.99891  0.75488  0.23164  3.313e-05 2.366e-03 2.854e-05 7.009e-04 1.716e-06 5.806e-03 2.337e-06 1.396e-05 1.278e-03 3.306e-05 6.360e-04 5.609e-05 7.019e-04 6.438e-06 3.498e-04 4.650e-06 7.042e-05 3.630e-06 6.035e-05 3.895e-08 3.005e-06 3.588e-07 1.753e-05 1.281e-05 1.216e-03 3.374e-06 7.184e-05 
0.9990805  0.92050  4.546e+05  1.689e-02  1.048e+12  0.99891  0.75488  0.23164  3.313e-05 2.366e-03 2.854e-05 7.009e-04 1.716e-06 5.806e-03 2.337e-06 1.396e-05 1.278e-03 3.306e-05 6.360e-04 5.609e-05 7.019e-04 6.438e-06 3.498e-04 4.650e-06 7.042e-05 3.630e-06 6.035e-05 3.895e-08 3.005e-06 3.588e-07 1.753e-05 1.281e-05 1.216e-03 3.374e-06 7.184e-05 
0.9992255  0.92550  4.223e+05  1.510e-02  8.695e+11  0.99891  0.75488  0.23164  3.313e-05 2.366e-03 2.854e-05 7.009e-04 1.716e-06 5.806e-03 2.337e-06 1.396e-05 1.278e-03 3.306e-05 6.360e-04 5.609e-05 7.019e-04 6.438e-06 3.498e-04 4.650e-06 7.042e-05 3.630e-06 6.035e-05 3.895e-08 3.005e-06 3.588e-07 1.753e-05 1.281e-05 1.216e-03 3.374e-06 7.184e-05 
0.9993561  0.93050  3.904e+05  1.339e-02  7.119e+11  0.99891  0.75488  0.23164  3.313e-05 2.366e-03 2.854e-05 7.009e-04 1.716e-06 5.806e-03 2.337e-06 1.396e-05 1.278e-03 3.306e-05 6.360e-04 5.609e-05 7.019e-04 6.438e-06 3.498e-04 4.650e-06 7.042e-05 3.630e-06 6.035e-05 3.895e-08 3.005e-06 3.588e-07 1.753e-05 1.281e-05 1.216e-03 3.374e-06 7.184e-05 
0.9994726  0.93550  3.589e+05  1.177e-02  5.742e+11  0.99891  0.75488  0.23164  3.313e-05 2.366e-03 2.854e-05 7.009e-04 1.716e-06 5.806e-03 2.337e-06 1.396e-05 1.278e-03 3.306e-05 6.360e-04 5.609e-05 7.019e-04 6.438e-06 3.498e-04 4.650e-06 7.042e-05 3.630e-06 6.035e-05 3.895e-08 3.005e-06 3.588e-07 1.753e-05 1.281e-05 1.216e-03 3.374e-06 7.184e-05 
0.9995757  0.94050  3.277e+05  1.024e-02  4.550e+11  0.99891  0.75488  0.23164  3.313e-05 2.366e-03 2.854e-05 7.009e-04 1.716e-06 5.806e-03 2.337e-06 1.396e-05 1.278e-03 3.306e-05 6.360e-04 5.609e-05 7.019e-04 6.438e-06 3.498e-04 4.650e-06 7.042e-05 3.630e-06 6.035e-05 3.895e-08 3.005e-06 3.588e-07 1.753e-05 1.281e-05 1.216e-03 3.374e-06 7.184e-05 
0.9996657  0.94550  2.968e+05  8.793e-03  3.531e+11  0.99891  0.75488  0.23164  3.313e-05 2.366e-03 2.854e-05 7.009e-04 1.716e-06 5.806e-03 2.337e-06 1.396e-05 1.278e-03 3.306e-05 6.360e-04 5.609e-05 7.019e-04 6.438e-06 3.498e-04 4.650e-06 7.042e-05 3.630e-06 6.035e-05 3.895e-08 3.005e-06 3.588e-07 1.753e-05 1.281e-05 1.216e-03 3.374e-06 7.184e-05 
0.9997433  0.95050  2.663e+05  7.435e-03  2.671e+11  0.99891  0.75488  0.23164  3.313e-05 2.366e-03 2.854e-05 7.009e-04 1.716e-06 5.806e-03 2.337e-06 1.396e-05 1.278e-03 3.306e-05 6.360e-04 5.609e-05 7.019e-04 6.438e-06 3.498e-04 4.650e-06 7.042e-05 3.630e-06 6.035e-05 3.895e-08 3.005e-06 3.588e-07 1.753e-05 1.281e-05 1.216e-03 3.374e-06 7.184e-05 
0.9998090  0.95550  2.362e+05  6.168e-03  1.958e+11  0.99891  0.75488  0.23164  3.313e-05 2.366e-03 2.854e-05 7.009e-04 1.716e-06 5.806e-03 2.337e-06 1.396e-05 1.278e-03 3.306e-05 6.360e-04 5.609e-05 7.019e-04 6.438e-06 3.498e-04 4.650e-06 7.042e-05 3.630e-06 6.035e-05 3.895e-08 3.005e-06 3.588e-07 1.753e-05 1.281e-05 1.216e-03 3.374e-06 7.184e-05 
0.9998635  0.96050  2.065e+05  4.992e-03  1.379e+11  0.99891  0.75488  0.23164  3.313e-05 2.366e-03 2.854e-05 7.009e-04 1.716e-06 5.806e-03 2.337e-06 1.396e-05 1.278e-03 3.306e-05 6.360e-04 5.609e-05 7.019e-04 6.438e-06 3.498e-04 4.650e-06 7.042e-05 3.630e-06 6.035e-05 3.895e-08 3.005e-06 3.588e-07 1.753e-05 1.281e-05 1.216e-03 3.374e-06 7.184e-05 
0.9999073  0.96550  1.774e+05  3.911e-03  9.217e+10  0.99891  0.75488  0.23164  3.313e-05 2.366e-03 2.854e-05 7.009e-04 1.716e-06 5.806e-03 2.337e-06 1.396e-05 1.278e-03 3.306e-05 6.360e-04 5.609e-05 7.019e-04 6.438e-06 3.498e-04 4.650e-06 7.042e-05 3.630e-06 6.035e-05 3.895e-08 3.005e-06 3.588e-07 1.753e-05 1.281e-05 1.216e-03 3.374e-06 7.184e-05 
0.9999414  0.97050  1.491e+05  2.928e-03  5.745e+10  0.99891  0.75488  0.23164  3.313e-05 2.366e-03 2.854e-05 7.009e-04 1.716e-06 5.806e-03 2.337e-06 1.396e-05 1.278e-03 3.306e-05 6.360e-04 5.609e-05 7.019e-04 6.438e-06 3.498e-04 4.650e-06 7.042e-05 3.630e-06 6.035e-05 3.895e-08 3.005e-06 3.588e-07 1.753e-05 1.281e-05 1.216e-03 3.374e-06 7.184e-05 
0.9999664  0.97550  1.217e+05  2.053e-03  3.245e+10  0.99891  0.75488  0.23164  3.313e-05 2.366e-03 2.854e-05 7.009e-04 1.716e-06 5.806e-03 2.337e-06 1.396e-05 1.278e-03 3.306e-05 6.360e-04 5.609e-05 7.019e-04 6.438e-06 3.498e-04 4.650e-06 7.042e-05 3.630e-06 6.035e-05 3.895e-08 3.005e-06 3.588e-07 1.753e-05 1.281e-05 1.216e-03 3.374e-06 7.184e-05 
0.9999834  0.98050  9.508e+04  1.305e-03  1.582e+10  0.99891  0.75488  0.23164  3.313e-05 2.366e-03 2.854e-05 7.009e-04 1.716e-06 5.806e-03 2.337e-06 1.396e-05 1.278e-03 3.306e-05 6.360e-04 5.609e-05 7.019e-04 6.438e-06 3.498e-04 4.650e-06 7.042e-05 3.630e-06 6.035e-05 3.895e-08 3.005e-06 3.588e-07 1.753e-05 1.281e-05 1.216e-03 3.374e-06 7.184e-05 
0.9999936  0.98550  6.803e+04  7.108e-04  6.003e+09  0.99891  0.75488  0.23164  3.313e-05 2.366e-03 2.854e-05 7.009e-04 1.716e-06 5.806e-03 2.337e-06 1.396e-05 1.278e-03 3.306e-05 6.360e-04 5.609e-05 7.019e-04 6.438e-06 3.498e-04 4.650e-06 7.042e-05 3.630e-06 6.035e-05 3.895e-08 3.005e-06 3.588e-07 1.753e-05 1.281e-05 1.216e-03 3.374e-06 7.184e-05 
0.9999986  0.99050  4.241e+04  2.694e-04  1.335e+09  0.99891  0.75488  0.23164  3.313e-05 2.366e-03 2.854e-05 7.009e-04 1.716e-06 5.806e-03 2.337e-06 1.396e-05 1.278e-03 3.306e-05 6.360e-04 5.609e-05 7.019e-04 6.438e-06 3.498e-04 4.650e-06 7.042e-05 3.630e-06 6.035e-05 3.895e-08 3.005e-06 3.588e-07 1.753e-05 1.281e-05 1.216e-03 3.374e-06 7.184e-05 
0.9999999  0.99550  2.320e+04  3.336e-05  7.767e+07  0.99891  0.75488  0.23164  3.313e-05 2.366e-03 2.854e-05 7.009e-04 1.716e-06 5.806e-03 2.337e-06 1.396e-05 1.278e-03 3.306e-05 6.360e-04 5.609e-05 7.019e-04 6.438e-06 3.498e-04 4.650e-06 7.042e-05 3.630e-06 6.035e-05 3.895e-08 3.005e-06 3.588e-07 1.753e-05 1.281e-05 1.216e-03 3.374e-06 7.184e-05 
